SN:3K60180500001583 BD:Jul 23 2018 VC:834b9c1 MD5:48f99e4865ed8b810be1bb0eaaabf929
SysTime,                      Time,         Batt_v,      Batt_v_sd,   BATT_PERCENT,BATT_PERCENT_sd,      [CH4]_ppm,   [CH4]_ppm_sd,      [H2O]_ppm,   [H2O]_ppm_sd,      [CO2]_ppm,   [CO2]_ppm_sd,     [CH4]d_ppm,  [CH4]d_ppm_sd,     [CO2]d_ppm,  [CO2]d_ppm_sd,      GasP_torr,   GasP_torr_sd,         GasT_C,      GasT_C_sd,         AmbT_C,      AmbT_C_sd,         RD0_us,      RD0_us_sd,         RD1_us,      RD1_us_sd, Temp_Status_mA,Temp_Status_mA_sd,Analyzer_Status_mA,Analyzer_Status_mA_sd,       Fit_Flag,      MIU_VALVE,       MIU_DESC
07/19/2023 13:53:27.448, 07/19/2023 13:53:27.370, 4.12907e+0, 5.38761e-4, 9.27834e+1, 7.94632e-2, 2.02326e+0, 2.78656e-3, 2.14676e+4, 3.08772e+2, 3.38776e+2, 1.42578e+2, 2.06765e+0, 3.47093e-3, 3.46227e+2, 1.45718e+2, 5.08219e+2, 4.62271e-2, 3.23741e+1, 1.20138e-2, 3.23906e+1, 1.69739e-2, 3.33625e+0, 3.95028e-4, 3.49742e+0, 6.42006e-4, 2.00000e+1, 0.00000e+0, 1.71429e+1, 2.26779e+0, 3, -1, Disabled
07/19/2023 13:53:37.393, 07/19/2023 13:53:37.316, 4.12981e+0, 2.86854e-4, 9.28928e+1, 4.23088e-2, 2.03074e+0, 4.20945e-3, 2.22374e+4, 4.01821e+2, 3.95607e+2, 8.89486e-1, 2.07693e+0, 5.02077e-3, 4.04604e+2, 9.57587e-1, 5.08230e+2, 3.86892e-2, 3.23741e+1, 1.60221e-2, 3.23260e+1, 2.44164e-2, 3.33630e+0, 3.27137e-4, 3.49752e+0, 5.01792e-4, 2.00000e+1, 0.00000e+0, 1.80000e+1, 0.00000e+0, 3, -1, Disabled
07/19/2023 13:53:47.333, 07/19/2023 13:53:47.262, 4.13016e+0, 1.09521e-4, 9.29445e+1, 1.61535e-2, 2.03861e+0, 1.48884e-3, 2.33507e+4, 2.64772e+2, 3.94882e+2, 5.02366e-1, 2.08735e+0, 2.01744e-3, 4.04323e+2, 4.36619e-1, 5.08215e+2, 4.18535e-2, 3.23758e+1, 1.22496e-2, 3.22480e+1, 2.57820e-2, 3.33607e+0, 5.39785e-4, 3.49735e+0, 7.16988e-4, 2.00000e+1, 0.00000e+0, 1.80000e+1, 0.00000e+0, 3, -1, Disabled
07/19/2023 13:53:57.269, 07/19/2023 13:53:57.206, 4.12984e+0, 1.83652e-4, 9.28961e+1, 2.70873e-2, 2.04097e+0, 3.22562e-3, 2.39827e+4, 1.82546e+2, 3.92969e+2, 6.85695e-1, 2.09113e+0, 3.46504e-3, 4.02625e+2, 6.62140e-1, 5.08236e+2, 4.35365e-2, 3.23874e+1, 1.13991e-2, 3.21826e+1, 2.40873e-2, 3.33555e+0, 3.55118e-4, 3.49710e+0, 6.79693e-4, 2.00000e+1, 0.00000e+0, 1.80000e+1, 0.00000e+0, 3, -1, Disabled
07/19/2023 13:54:07.210, 07/19/2023 13:54:07.151, 4.13015e+0, 1.70418e-4, 9.29430e+1, 2.51354e-2, 2.04583e+0, 2.61972e-3, 2.44316e+4, 9.04223e+1, 3.91475e+2, 6.69383e-1, 2.09707e+0, 2.75000e-3, 4.01279e+2, 6.70624e-1, 5.08242e+2, 4.65516e-2, 3.23672e+1, 1.08661e-2, 3.21215e+1, 1.94503e-2, 3.33542e+0, 4.34649e-4, 3.49678e+0, 6.19222e-4, 2.00000e+1, 0.00000e+0, 1.80000e+1, 0.00000e+0, 3, -1, Disabled
07/19/2023 13:54:17.179, 07/19/2023 13:54:17.098, 4.13029e+0, 1.68156e-4, 9.29636e+1, 2.48018e-2, 2.04840e+0, 2.35411e-3, 2.43711e+4, 1.28369e+2, 3.94364e+2, 9.79794e-1, 2.09957e+0, 2.50779e-3, 4.04215e+2, 1.02080e+0, 5.08246e+2, 3.92458e-2, 3.23855e+1, 2.76079e-2, 3.20759e+1, 1.66596e-2, 3.33498e+0, 4.47083e-4, 3.49679e+0, 7.24670e-4, 2.00000e+1, 0.00000e+0, 1.80000e+1, 0.00000e+0, 3, -1, Disabled
07/19/2023 13:54:27.104, 07/19/2023 13:54:27.048, 4.13033e+0, 3.06573e-4, 9.29689e+1, 4.52173e-2, 2.04643e+0, 1.93431e-3, 2.40692e+4, 1.16179e+2, 3.92356e+2, 7.88133e-1, 2.09690e+0, 2.00954e-3, 4.02033e+2, 8.29352e-1, 5.08247e+2, 4.29951e-2, 3.23532e+1, 1.17559e-2, 3.20263e+1, 1.41776e-2, 3.33485e+0, 4.12147e-4, 3.49589e+0, 7.09290e-4, 2.00000e+1, 0.00000e+0, 6.30000e+0, 4.11096e+0, 3, -1, Disabled
07/19/2023 13:54:37.052, 07/19/2023 13:54:36.995, 4.13049e+0, 2.19619e-4, 9.29931e+1, 3.23922e-2, 2.03258e+0, 3.80761e-3, 2.33084e+4, 4.05395e+2, 3.90020e+2, 5.44216e-1, 2.08109e+0, 4.70614e-3, 3.99328e+2, 6.98969e-1, 5.08251e+2, 4.03016e-2, 3.23397e+1, 2.19052e-2, 3.19975e+1, 8.10754e-3, 3.33463e+0, 6.02623e-4, 3.49542e+0, 4.81373e-4, 2.00000e+1, 0.00000e+0, 5.00000e+0, 0.00000e+0, 3, -1, Disabled
07/19/2023 13:54:47.021, 07/19/2023 13:54:46.939, 4.13069e+0, 2.84368e-4, 9.30220e+1, 4.19422e-2, 2.02939e+0, 2.63211e-3, 2.33028e+4, 1.38851e+2, 3.91968e+2, 2.50456e+0, 2.07781e+0, 2.75812e-3, 4.01320e+2, 2.59621e+0, 5.08232e+2, 4.87847e-2, 3.23349e+1, 3.95465e-3, 3.19643e+1, 1.24295e-2, 3.33372e+0, 3.55937e-4, 3.49492e+0, 4.84166e-4, 2.00000e+1, 0.00000e+0, 5.00000e+0, 0.00000e+0, 3, -1, Disabled
07/19/2023 13:54:56.947, 07/19/2023 13:54:56.892, 4.13067e+0, 2.22114e-4, 9.30185e+1, 3.27602e-2, 2.03223e+0, 1.87630e-3, 2.33314e+4, 3.10684e+2, 3.93516e+2, 1.03904e+0, 2.08078e+0, 2.33845e-3, 4.02917e+2, 1.17824e+0, 5.08215e+2, 4.43975e-2, 3.23180e+1, 1.09096e-2, 3.19352e+1, 1.32579e-2, 3.33314e+0, 3.56760e-4, 3.49514e+0, 6.08391e-4, 2.00000e+1, 0.00000e+0, 5.00000e+0, 0.00000e+0, 3, -1, Disabled
07/19/2023 13:55:06.893, 07/19/2023 13:55:06.837, 4.13069e+0, 1.05376e-4, 9.30216e+1, 1.55422e-2, 2.02193e+0, 5.23992e-3, 2.25488e+4, 4.72601e+2, 3.93108e+2, 4.26111e-1, 2.06858e+0, 6.07770e-3, 4.02177e+2, 3.90825e-1, 5.08226e+2, 3.93600e-2, 3.23048e+1, 1.43704e-2, 3.18988e+1, 7.46654e-3, 3.33284e+0, 5.34765e-4, 3.49463e+0, 5.55257e-4, 2.00000e+1, 0.00000e+0, 5.00000e+0, 0.00000e+0, 3, -1, Disabled
07/19/2023 13:55:16.844, 07/19/2023 13:55:16.783, 4.13082e+0, 1.79912e-4, 9.30408e+1, 2.65356e-2, 2.01393e+0, 1.96906e-3, 2.22152e+4, 1.62271e+2, 3.92689e+2, 9.12450e-1, 2.05969e+0, 2.10861e-3, 4.01611e+2, 8.88189e-1, 5.08246e+2, 4.53208e-2, 3.22697e+1, 9.27354e-3, 3.18674e+1, 1.83766e-2, 3.33296e+0, 4.80049e-4, 3.49435e+0, 6.82299e-4, 2.00000e+1, 0.00000e+0, 5.00000e+0, 0.00000e+0, 3, -1, Disabled
07/19/2023 13:55:26.783, 07/19/2023 13:55:26.728, 4.13078e+0, 1.78217e-4, 9.30350e+1, 2.62857e-2, 2.01889e+0, 2.35073e-3, 2.25590e+4, 2.07728e+2, 3.90861e+2, 7.18884e-1, 2.06548e+0, 2.74337e-3, 3.99882e+2, 6.63460e-1, 5.08235e+2, 3.89407e-2, 3.22537e+1, 1.25369e-3, 3.18226e+1, 9.98208e-3, 3.33281e+0, 5.32508e-4, 3.49410e+0, 6.26968e-4, 2.00000e+1, 0.00000e+0, 5.00000e+0, 0.00000e+0, 3, -1, Disabled
07/19/2023 13:55:36.727, 07/19/2023 13:55:36.672, 4.13086e+0, 1.92551e-4, 9.30469e+1, 2.83998e-2, 2.02743e+0, 2.51563e-3, 2.31263e+4, 2.38500e+2, 3.90209e+2, 4.40848e-1, 2.07543e+0, 2.83917e-3, 3.99447e+2, 4.49593e-1, 5.08220e+2, 5.00196e-2, 3.22645e+1, 8.21276e-3, 3.17976e+1, 8.08965e-3, 3.33265e+0, 3.87132e-4, 3.49419e+0, 4.23027e-4, 2.00000e+1, 0.00000e+0, 5.00000e+0, 0.00000e+0, 3, -1, Disabled
07/19/2023 13:55:46.674, 07/19/2023 13:55:46.619, 4.13087e+0, 2.30707e-4, 9.30481e+1, 3.40276e-2, 2.03181e+0, 2.52740e-3, 2.35193e+4, 1.19978e+2, 3.90590e+2, 5.51521e-1, 2.08074e+0, 2.46600e-3, 3.99997e+2, 5.38919e-1, 5.08241e+2, 4.37216e-2, 3.22956e+1, 3.46838e-2, 3.17971e+1, 5.78083e-3, 3.33258e+0, 5.54994e-4, 3.49423e+0, 6.83699e-4, 2.00000e+1, 0.00000e+0, 5.00000e+0, 0.00000e+0, 3, -1, Disabled
07/19/2023 13:55:56.622, 07/19/2023 13:55:56.563, 4.13094e+0, 1.88670e-4, 9.30592e+1, 2.78274e-2, 2.03146e+0, 2.70983e-3, 2.30661e+4, 1.62506e+2, 3.91314e+2, 4.50222e-1, 2.07942e+0, 3.01911e-3, 4.00553e+2, 4.58734e-1, 5.08239e+2, 4.52380e-2, 3.22764e+1, 1.79868e-2, 3.17800e+1, 1.51642e-2, 3.33296e+0, 2.75422e-4, 3.49453e+0, 4.39442e-4, 2.00000e+1, 0.00000e+0, 5.00000e+0, 0.00000e+0, 3, -1, Disabled
07/19/2023 13:56:06.567, 07/19/2023 13:56:06.509, 4.13099e+0, 1.14216e-4, 9.30668e+1, 1.68460e-2, 2.02428e+0, 1.23296e-3, 2.28478e+4, 1.70452e+2, 3.91127e+2, 4.93952e-1, 2.07161e+0, 1.52421e-3, 4.00273e+2, 5.20451e-1, 5.08216e+2, 4.34494e-2, 3.22713e+1, 2.00038e-3, 3.17455e+1, 5.91339e-3, 3.33315e+0, 3.55666e-4, 3.49506e+0, 6.53013e-4, 2.00000e+1, 0.00000e+0, 5.00000e+0, 0.00000e+0, 3, -1, Disabled
07/19/2023 13:56:16.519, 07/19/2023 13:56:16.461, 4.13090e+0, 1.63367e-4, 9.30526e+1, 2.40955e-2, 2.02125e+0, 1.04431e-3, 2.31918e+4, 2.52811e+2, 3.90922e+2, 4.82303e-1, 2.06924e+0, 9.33408e-4, 4.00204e+2, 5.04962e-1, 5.08203e+2, 4.36580e-2, 3.22594e+1, 1.14019e-2, 3.17403e+1, 1.02218e-2, 3.33317e+0, 3.15868e-4, 3.49460e+0, 6.32047e-4, 2.00000e+1, 0.00000e+0, 5.00000e+0, 0.00000e+0, 3, -1, Disabled
07/19/2023 13:56:26.465, 07/19/2023 13:56:26.406, 4.13107e+0, 2.34597e-4, 9.30784e+1, 3.46013e-2, 2.02369e+0, 1.28213e-3, 2.34616e+4, 4.05656e+1, 3.90576e+2, 6.66932e-1, 2.07231e+0, 1.30047e-3, 3.99960e+2, 6.89382e-1, 5.08224e+2, 4.20767e-2, 3.22667e+1, 2.00877e-2, 3.17492e+1, 4.77111e-3, 3.33286e+0, 3.64633e-4, 3.49469e+0, 4.01584e-4, 2.00000e+1, 0.00000e+0, 5.00000e+0, 0.00000e+0, 3, -1, Disabled
07/19/2023 13:56:36.408, 07/19/2023 13:56:36.352, 4.13131e+0, 1.84052e-4, 9.31133e+1, 2.71464e-2, 2.02349e+0, 1.59337e-3, 2.37585e+4, 1.63770e+2, 3.90566e+2, 3.46680e-1, 2.07273e+0, 1.67120e-3, 4.00071e+2, 3.29423e-1, 5.08222e+2, 3.56183e-2, 3.22578e+1, 1.41830e-2, 3.17633e+1, 1.24999e-2, 3.33265e+0, 6.95987e-4, 3.49434e+0, 9.28032e-4, 2.00000e+1, 0.00000e+0, 5.00000e+0, 0.00000e+0, 3, -1, Disabled
07/19/2023 13:56:46.350, 07/19/2023 13:56:46.296, 4.13130e+0, 1.75456e-4, 9.31123e+1, 2.58784e-2, 2.02626e+0, 2.47817e-3, 2.43921e+4, 1.48425e+2, 3.91096e+2, 6.81215e-1, 2.07692e+0, 2.67001e-3, 4.00874e+2, 7.33336e-1, 5.08212e+2, 4.49488e-2, 3.22510e+1, 1.02794e-2, 3.17741e+1, 1.20490e-2, 3.33250e+0, 4.72193e-4, 3.49401e+0, 5.73977e-4, 2.00000e+1, 0.00000e+0, 5.00000e+0, 0.00000e+0, 3, -1, Disabled
07/19/2023 13:56:56.296, 07/19/2023 13:56:56.243, 4.13108e+0, 1.76753e-4, 9.30792e+1, 2.60698e-2, 2.03675e+0, 2.78115e-3, 2.42741e+4, 1.12440e+2, 3.92900e+2, 5.62490e-1, 2.08742e+0, 2.89641e-3, 4.02675e+2, 5.61596e-1, 5.08232e+2, 4.31041e-2, 3.22365e+1, 9.97379e-3, 3.17854e+1, 7.80913e-3, 3.33203e+0, 3.98056e-4, 3.49350e+0, 5.04398e-4, 2.00000e+1, 0.00000e+0, 5.00000e+0, 0.00000e+0, 3, -1, Disabled
07/19/2023 13:57:06.246, 07/19/2023 13:57:06.187, 4.13103e+0, 1.81136e-4, 9.30718e+1, 2.67162e-2, 2.03597e+0, 1.61563e-3, 2.42105e+4, 5.96365e+1, 3.93691e+2, 5.32358e-1, 2.08648e+0, 1.65540e-3, 4.03459e+2, 5.40306e-1, 5.08237e+2, 4.59655e-2, 3.22197e+1, 1.64974e-2, 3.17737e+1, 1.24134e-2, 3.33152e+0, 3.71395e-4, 3.49316e+0, 4.49735e-4, 2.00000e+1, 0.00000e+0, 5.00000e+0, 0.00000e+0, 3, -1, Disabled
07/19/2023 13:57:16.189, 07/19/2023 13:57:16.132, 4.13104e+0, 2.27646e-4, 9.30743e+1, 3.35761e-2, 2.03409e+0, 1.53167e-3, 2.42925e+4, 1.03607e+2, 3.94879e+2, 5.53176e-1, 2.08473e+0, 1.54645e-3, 4.04710e+2, 5.39725e-1, 5.08210e+2, 3.75759e-2, 3.21949e+1, 8.75020e-3, 3.17607e+1, 1.35291e-2, 3.33128e+0, 5.55077e-4, 3.49274e+0, 6.66827e-4, 2.00000e+1, 0.00000e+0, 5.00000e+0, 0.00000e+0, 3, -1, Disabled
07/19/2023 13:57:26.135, 07/19/2023 13:57:26.079, 4.13100e+0, 1.57526e-4, 9.30682e+1, 2.32339e-2, 2.03300e+0, 1.49318e-3, 2.37574e+4, 2.07506e+2, 3.94870e+2, 3.84667e-1, 2.08248e+0, 1.80873e-3, 4.04479e+2, 3.85164e-1, 5.08188e+2, 3.58365e-2, 3.22075e+1, 3.39779e-2, 3.17510e+1, 1.20147e-2, 3.33118e+0, 2.06197e-4, 3.49248e+0, 5.84484e-4, 2.00000e+1, 0.00000e+0, 5.00000e+0, 0.00000e+0, 3, -1, Disabled
07/19/2023 13:57:36.080, 07/19/2023 13:57:36.023, 4.13122e+0, 1.42939e-4, 9.31006e+1, 2.10825e-2, 2.02475e+0, 2.62364e-3, 2.31839e+4, 2.30577e+2, 3.93417e+2, 6.79629e-1, 2.07281e+0, 2.95289e-3, 4.02755e+2, 7.40089e-1, 5.08197e+2, 3.96344e-2, 3.22152e+1, 9.97277e-3, 3.17491e+1, 6.86487e-3, 3.33158e+0, 3.89627e-4, 3.49298e+0, 6.39377e-4, 2.00000e+1, 0.00000e+0, 5.00000e+0, 0.00000e+0, 3, -1, Disabled
07/19/2023 13:57:46.028, 07/19/2023 13:57:45.976, 4.13130e+0, 1.26228e-4, 9.31124e+1, 1.86177e-2, 2.02010e+0, 1.67022e-3, 2.29435e+4, 4.31841e+2, 3.92668e+2, 7.40031e-1, 2.06754e+0, 2.27080e-3, 4.01889e+2, 8.08876e-1, 5.08207e+2, 4.78320e-2, 3.22398e+1, 1.96839e-2, 3.17748e+1, 7.18705e-3, 3.33187e+0, 4.36094e-4, 3.49288e+0, 7.56803e-4, 2.00000e+1, 0.00000e+0, 5.00000e+0, 0.00000e+0, 3, -1, Disabled
07/19/2023 13:57:55.977, 07/19/2023 13:57:55.920, 4.13139e+0, 2.10348e-4, 9.31258e+1, 3.10248e-2, 2.01679e+0, 1.68485e-3, 2.30125e+4, 1.09617e+2, 3.93217e+2, 1.12326e+0, 2.06430e+0, 1.88370e-3, 4.02479e+2, 1.17481e+0, 5.08201e+2, 4.44474e-2, 3.22214e+1, 1.08446e-2, 3.17834e+1, 5.97131e-3, 3.33179e+0, 4.18775e-4, 3.49313e+0, 7.78407e-4, 2.00000e+1, 0.00000e+0, 5.00000e+0, 0.00000e+0, 3, -1, Disabled
07/19/2023 13:58:05.924, 07/19/2023 13:58:05.866, 4.13138e+0, 2.34539e-4, 9.31237e+1, 3.45927e-2, 2.01734e+0, 1.63285e-3, 2.31791e+4, 8.89974e+1, 3.98399e+2, 1.54619e+0, 2.06521e+0, 1.69492e-3, 4.07853e+2, 1.61311e+0, 5.08222e+2, 4.36814e-2, 3.22507e+1, 4.15504e-2, 3.17886e+1, 9.87933e-3, 3.33158e+0, 3.49099e-4, 3.49315e+0, 7.65766e-4, 2.00000e+1, 0.00000e+0, 5.00000e+0, 0.00000e+0, 3, -1, Disabled
07/19/2023 13:58:15.868, 07/19/2023 13:58:15.812, 4.13150e+0, 1.46289e-4, 9.31418e+1, 2.15765e-2, 2.01533e+0, 1.63471e-3, 2.31293e+4, 6.29555e+1, 4.00872e+2, 4.33118e-1, 2.06305e+0, 1.68262e-3, 4.10363e+2, 4.35020e-1, 5.08233e+2, 4.38722e-2, 3.22208e+1, 1.75784e-2, 3.17835e+1, 8.22775e-3, 3.33177e+0, 5.56193e-4, 3.49342e+0, 5.25214e-4, 2.00000e+1, 0.00000e+0, 5.00000e+0, 0.00000e+0, 3, -1, Disabled
07/19/2023 13:58:25.812, 07/19/2023 13:58:25.756, 4.13163e+0, 1.94972e-4, 9.31608e+1, 2.87569e-2, 2.01554e+0, 2.01992e-3, 2.32206e+4, 1.86790e+2, 4.00526e+2, 4.74898e-1, 2.06346e+0, 2.04822e-3, 4.10047e+2, 5.33948e-1, 5.08223e+2, 4.37463e-2, 3.22155e+1, 2.13428e-2, 3.17924e+1, 1.16157e-2, 3.33165e+0, 3.96454e-4, 3.49332e+0, 4.43774e-4, 2.00000e+1, 0.00000e+0, 5.00000e+0, 0.00000e+0, 3, -1, Disabled
07/19/2023 13:58:35.759, 07/19/2023 13:58:35.702, 4.13182e+0, 9.76468e-5, 9.31894e+1, 1.44022e-2, 2.01429e+0, 1.53184e-3, 2.36204e+4, 1.71626e+2, 4.01862e+2, 9.79101e-1, 2.06302e+0, 1.60430e-3, 4.11584e+2, 1.05734e+0, 5.08195e+2, 3.86518e-2, 3.22178e+1, 2.48609e-3, 3.18290e+1, 1.42198e-2, 3.33196e+0, 3.71617e-4, 3.49321e+0, 6.67361e-4, 2.00000e+1, 0.00000e+0, 5.00000e+0, 0.00000e+0, 3, -1, Disabled
07/19/2023 13:58:45.704, 07/19/2023 13:58:45.647, 4.13160e+0, 2.27713e-4, 9.31558e+1, 3.35860e-2, 2.01401e+0, 1.08154e-3, 2.39987e+4, 2.00635e+2, 4.05761e+2, 1.14251e+0, 2.06353e+0, 9.63837e-4, 4.15738e+2, 1.24374e+0, 5.08198e+2, 4.54596e-2, 3.22138e+1, 1.63361e-2, 3.18288e+1, 7.91763e-3, 3.33201e+0, 4.50156e-4, 3.49324e+0, 4.57515e-4, 2.00000e+1, 0.00000e+0, 5.00000e+0, 0.00000e+0, 3, -1, Disabled
07/19/2023 13:58:55.654, 07/19/2023 13:58:55.592, 4.13160e+0, 1.20153e-4, 9.31557e+1, 1.77216e-2, 2.01484e+0, 9.86756e-4, 2.40056e+4, 1.82527e+2, 4.01480e+2, 3.89175e+0, 2.06439e+0, 1.24420e-3, 4.11356e+2, 4.06206e+0, 5.08218e+2, 4.19057e-2, 3.22060e+1, 1.30557e-2, 3.18255e+1, 7.25580e-3, 3.33186e+0, 5.38275e-4, 3.49304e+0, 6.18846e-4, 2.00000e+1, 0.00000e+0, 5.00000e+0, 0.00000e+0, 3, -1, Disabled
07/19/2023 13:59:05.595, 07/19/2023 13:59:05.538, 4.13155e+0, 1.40787e-4, 9.31493e+1, 2.07651e-2, 2.01092e+0, 2.88994e-3, 2.30970e+4, 2.25290e+2, 3.92648e+2, 1.52976e+0, 2.05846e+0, 2.93681e-3, 4.01932e+2, 1.62002e+0, 5.08208e+2, 4.26382e-2, 3.21813e+1, 2.19426e-2, 3.18306e+1, 1.12772e-2, 3.33214e+0, 4.21350e-4, 3.49321e+0, 5.80614e-4, 2.00000e+1, 0.00000e+0, 5.00000e+0, 0.00000e+0, 3, -1, Disabled
07/19/2023 13:59:15.559, 07/19/2023 13:59:15.483, 4.13161e+0, 1.77828e-4, 9.31574e+1, 2.62283e-2, 2.00993e+0, 1.26911e-3, 2.30253e+4, 1.62724e+2, 3.89349e+2, 8.65153e-1, 2.05730e+0, 1.34415e-3, 3.98525e+2, 9.35410e-1, 5.08218e+2, 3.58655e-2, 3.21780e+1, 1.24589e-2, 3.18619e+1, 1.31620e-2, 3.33189e+0, 4.06120e-4, 3.49338e+0, 6.34956e-4, 2.00000e+1, 0.00000e+0, 5.00000e+0, 0.00000e+0, 3, -1, Disabled
07/19/2023 13:59:25.484, 07/19/2023 13:59:25.428, 4.13163e+0, 1.11087e-4, 9.31611e+1, 1.63845e-2, 2.01182e+0, 1.11778e-3, 2.31475e+4, 2.16179e+2, 3.87327e+2, 6.90211e-1, 2.05949e+0, 1.41394e-3, 3.96505e+2, 6.84806e-1, 5.08223e+2, 4.35603e-2, 3.21936e+1, 9.92583e-3, 3.18872e+1, 7.43325e-3, 3.33174e+0, 4.18805e-4, 3.49349e+0, 7.52356e-4, 2.00000e+1, 0.00000e+0, 5.00000e+0, 0.00000e+0, 3, -1, Disabled
07/19/2023 13:59:35.430, 07/19/2023 13:59:35.374, 4.13142e+0, 2.08517e-4, 9.31304e+1, 3.07548e-2, 2.01556e+0, 2.73816e-3, 2.40361e+4, 2.18389e+2, 3.86425e+2, 5.00165e-1, 2.06520e+0, 3.23019e-3, 3.95942e+2, 4.97956e-1, 5.08231e+2, 4.45372e-2, 3.22141e+1, 9.94400e-3, 3.18844e+1, 1.09046e-2, 3.33162e+0, 4.03211e-4, 3.49347e+0, 6.39496e-4, 2.00000e+1, 0.00000e+0, 5.00000e+0, 0.00000e+0, 3, -1, Disabled
07/19/2023 13:59:45.378, 07/19/2023 13:59:45.318, 4.13165e+0, 2.59673e-4, 9.31644e+1, 3.82998e-2, 2.01928e+0, 1.71156e-3, 2.45307e+4, 1.25008e+2, 3.87256e+2, 6.10236e-1, 2.07006e+0, 1.74419e-3, 3.96995e+2, 6.54599e-1, 5.08222e+2, 3.89343e-2, 3.22137e+1, 8.46281e-3, 3.19102e+1, 1.32227e-2, 3.33161e+0, 3.84483e-4, 3.49303e+0, 5.45646e-4, 2.00000e+1, 0.00000e+0, 5.00000e+0, 0.00000e+0, 3, -1, Disabled
07/19/2023 13:59:55.324, 07/19/2023 13:59:55.271, 4.13188e+0, 1.65336e-4, 9.31979e+1, 2.43859e-2, 2.01967e+0, 2.05464e-3, 2.46953e+4, 1.05950e+2, 3.88365e+2, 8.22947e-1, 2.07081e+0, 1.94765e-3, 3.98198e+2, 8.82567e-1, 5.08208e+2, 5.28120e-2, 3.22236e+1, 1.20755e-2, 3.19412e+1, 6.29317e-3, 3.33195e+0, 2.98929e-4, 3.49319e+0, 5.51740e-4, 2.00000e+1, 0.00000e+0, 5.00000e+0, 0.00000e+0, 3, -1, Disabled
07/19/2023 14:00:05.268, 07/19/2023 14:00:05.217, 4.13184e+0, 1.03773e-4, 9.31917e+1, 1.53057e-2, 2.01857e+0, 1.68271e-3, 2.49248e+4, 6.37122e+1, 3.89924e+2, 5.83028e-1, 2.07017e+0, 1.73200e-3, 3.99891e+2, 5.92166e-1, 5.08226e+2, 3.32792e-2, 3.22396e+1, 3.79599e-2, 3.19327e+1, 7.82874e-3, 3.33212e+0, 4.24859e-4, 3.49316e+0, 6.12121e-4, 2.00000e+1, 0.00000e+0, 5.00000e+0, 0.00000e+0, 3, -1, Disabled
07/19/2023 14:00:15.218, 07/19/2023 14:00:15.161, 4.13207e+0, 2.10819e-4, 9.32251e+1, 3.10942e-2, 2.04075e+0, 7.19648e-3, 2.46249e+4, 9.27174e+1, 3.94154e+2, 1.18353e+0, 2.09227e+0, 7.22104e-3, 4.04105e+2, 1.18409e+0, 5.08238e+2, 4.45194e-2, 3.22297e+1, 1.79871e-2, 3.19311e+1, 6.65369e-3, 3.33198e+0, 4.51444e-4, 3.49311e+0, 3.87673e-4, 2.00000e+1, 0.00000e+0, 5.00000e+0, 0.00000e+0, 3, -1, Disabled
07/19/2023 14:00:25.169, 07/19/2023 14:00:25.106, 4.13236e+0, 1.20334e-4, 9.32685e+1, 1.77483e-2, 2.06745e+0, 1.94030e-2, 2.44248e+4, 5.68670e+1, 4.00906e+2, 4.14083e+0, 2.11921e+0, 1.98647e-2, 4.10944e+2, 4.23772e+0, 5.08234e+2, 4.13054e-2, 3.22175e+1, 1.66676e-2, 3.19454e+1, 6.09189e-3, 3.33198e+0, 5.10744e-4, 3.49273e+0, 5.42302e-4, 2.00000e+1, 0.00000e+0, 5.00000e+0, 0.00000e+0, 3, -1, Disabled
07/19/2023 14:00:35.107, 07/19/2023 14:00:35.053, 4.13238e+0, 1.86624e-4, 9.32709e+1, 2.75256e-2, 2.10313e+0, 2.22470e-3, 2.41168e+4, 1.06427e+2, 4.08956e+2, 6.60507e-1, 2.15511e+0, 2.20917e-3, 4.19062e+2, 6.56209e-1, 5.08243e+2, 4.59280e-2, 3.22195e+1, 1.44780e-2, 3.19580e+1, 9.24837e-3, 3.33198e+0, 3.48358e-4, 3.49345e+0, 4.43396e-4, 2.00000e+1, 0.00000e+0, 5.00000e+0, 0.00000e+0, 3, -1, Disabled
07/19/2023 14:00:45.057, 07/19/2023 14:00:44.998, 4.13203e+0, 2.14298e-4, 9.32202e+1, 3.16073e-2, 2.13208e+0, 1.19261e-2, 2.41639e+4, 6.00854e+1, 4.15710e+2, 2.42005e+0, 2.18488e+0, 1.23193e-2, 4.26004e+2, 2.49890e+0, 5.08249e+2, 3.88075e-2, 3.22192e+1, 1.87782e-2, 3.19581e+1, 6.66444e-3, 3.33191e+0, 3.89314e-4, 3.49341e+0, 4.02970e-4, 2.00000e+1, 0.00000e+0, 5.00000e+0, 0.00000e+0, 3, -1, Disabled
07/19/2023 14:00:54.999, 07/19/2023 14:00:54.943, 4.13213e+0, 2.22233e-4, 9.32344e+1, 3.27778e-2, 2.14752e+0, 3.73385e-3, 2.43030e+4, 1.13898e+2, 4.18666e+2, 1.02056e+0, 2.20101e+0, 3.95760e-3, 4.29094e+2, 1.07411e+0, 5.08246e+2, 4.25889e-2, 3.22004e+1, 1.20816e-2, 3.19930e+1, 2.30976e-2, 3.33195e+0, 4.25864e-4, 3.49357e+0, 7.08006e-4, 2.00000e+1, 0.00000e+0, 5.00000e+0, 0.00000e+0, 3, -1, Disabled
07/19/2023 14:01:04.950, 07/19/2023 14:01:04.888, 4.13228e+0, 1.59682e-4, 9.32570e+1, 2.35520e-2, 2.12228e+0, 8.19496e-3, 2.44060e+4, 1.11545e+2, 4.14625e+2, 1.48624e+0, 2.17537e+0, 8.17592e-3, 4.24998e+2, 1.47972e+0, 5.08223e+2, 4.06518e-2, 3.21823e+1, 1.81881e-3, 3.20151e+1, 8.81354e-3, 3.33167e+0, 5.26776e-4, 3.49362e+0, 8.62510e-4, 2.00000e+1, 0.00000e+0, 5.00000e+0, 0.00000e+0, 3, -1, Disabled
07/19/2023 14:01:14.891, 07/19/2023 14:01:14.833, 4.13210e+0, 2.04248e-4, 9.32296e+1, 3.01251e-2, 2.09183e+0, 1.05178e-2, 2.48075e+4, 1.47300e+2, 4.08252e+2, 2.59486e+0, 2.14504e+0, 1.04767e-2, 4.18637e+2, 2.60156e+0, 5.08222e+2, 4.25173e-2, 3.22034e+1, 1.54911e-2, 3.20303e+1, 7.67590e-3, 3.33194e+0, 5.09594e-4, 3.49372e+0, 5.77706e-4, 2.00000e+1, 0.00000e+0, 5.00000e+0, 0.00000e+0, 3, -1, Disabled
07/19/2023 14:01:24.838, 07/19/2023 14:01:24.780, 4.13211e+0, 1.51894e-4, 9.32314e+1, 2.24033e-2, 2.06552e+0, 4.82571e-3, 2.47350e+4, 1.35186e+2, 4.01452e+2, 1.34024e+0, 2.11790e+0, 4.88359e-3, 4.11634e+2, 1.36286e+0, 5.08240e+2, 4.64545e-2, 3.22250e+1, 1.26003e-2, 3.20293e+1, 2.48922e-3, 3.33198e+0, 5.35839e-4, 3.49370e+0, 6.03171e-4, 2.00000e+1, 0.00000e+0, 5.00000e+0, 0.00000e+0, 3, -1, Disabled
07/19/2023 14:01:34.784, 07/19/2023 14:01:34.724, 4.13227e+0, 2.05009e-4, 9.32545e+1, 3.02373e-2, 2.04560e+0, 4.99389e-3, 2.44985e+4, 4.45654e+2, 3.95470e+2, 2.05057e+0, 2.09697e+0, 5.97198e-3, 4.05403e+2, 2.26482e+0, 5.08232e+2, 3.75527e-2, 3.22417e+1, 8.60436e-3, 3.20528e+1, 1.01381e-2, 3.33186e+0, 5.45631e-4, 3.49336e+0, 5.49186e-4, 2.00000e+1, 0.00000e+0, 5.00000e+0, 0.00000e+0, 3, -1, Disabled
07/19/2023 14:01:44.725, 07/19/2023 14:01:44.670, 3.73790e+0, 3.04891e-1, 3.50882e+1, 4.49691e+1, 2.02845e+0, 4.23789e-3, 2.28290e+4, 5.09474e+2, 3.92753e+2, 9.31724e-1, 2.07584e+0, 5.35887e-3, 4.01929e+2, 1.00945e+0, 5.08225e+2, 4.22195e-2, 3.22457e+1, 1.94361e-2, 3.20568e+1, 8.78379e-3, 3.33227e+0, 4.55896e-4, 3.49373e+0, 7.26033e-4, 2.00000e+1, 0.00000e+0, 5.00000e+0, 0.00000e+0, 3, -1, Disabled
07/19/2023 14:01:54.678, 07/19/2023 14:01:54.614, 3.44378e+0, 1.90600e-2, -8.29265e+0, 2.81121e+0, 2.01863e+0, 1.49922e-3, 2.22038e+4, 2.27053e+2, 3.90863e+2, 3.87180e-1, 2.06447e+0, 1.15323e-3, 3.99739e+2, 3.64984e-1, 5.08237e+2, 4.40016e-2, 3.22485e+1, 1.52581e-2, 3.20539e+1, 7.80517e-3, 3.33256e+0, 4.60005e-4, 3.49371e+0, 5.19538e-4, 2.00000e+1, 0.00000e+0, 5.00000e+0, 0.00000e+0, 3, -1, Disabled
07/19/2023 14:02:04.617, 07/19/2023 14:02:04.560, 3.41568e+0, 1.00336e-2, -1.24372e+1, 1.47989e+0, 2.01487e+0, 1.27506e-3, 2.29063e+4, 2.16061e+2, 3.91042e+2, 3.70044e-1, 2.06210e+0, 1.36140e-3, 4.00209e+2, 4.03491e-1, 5.08233e+2, 3.98939e-2, 3.22749e+1, 4.47393e-2, 3.20928e+1, 1.79363e-2, 3.33263e+0, 4.29744e-4, 3.49377e+0, 6.71829e-4, 2.00000e+1, 0.00000e+0, 5.00000e+0, 0.00000e+0, 3, -1, Disabled
07/19/2023 14:02:14.566, 07/19/2023 14:02:14.506, 3.38589e+0, 8.72186e-3, -1.68297e+1, 1.28641e+0, 2.01462e+0, 1.75783e-3, 2.37860e+4, 2.64196e+2, 3.89533e+2, 1.07693e+0, 2.06371e+0, 2.01587e-3, 3.99024e+2, 1.00777e+0, 5.08216e+2, 4.02437e-2, 3.22516e+1, 2.29228e-2, 3.21014e+1, 7.17205e-3, 3.33214e+0, 4.58044e-4, 3.49373e+0, 4.44278e-4, 2.00000e+1, 0.00000e+0, 5.00000e+0, 0.00000e+0, 3, -1, Disabled
07/19/2023 14:02:24.509, 07/19/2023 14:02:24.451, 3.35731e+0, 8.12050e-3, -2.10450e+1, 1.19771e+0, 2.02628e+0, 3.70747e-3, 2.44758e+4, 2.31128e+2, 3.87884e+2, 3.61579e-1, 2.07712e+0, 4.17426e-3, 3.97616e+2, 3.33439e-1, 5.08215e+2, 4.51410e-2, 3.22522e+1, 3.17758e-3, 3.21183e+1, 1.34810e-2, 3.33190e+0, 3.08494e-4, 3.49390e+0, 5.62330e-4, 2.00000e+1, 0.00000e+0, 5.00000e+0, 0.00000e+0, 3, -1, Disabled
07/19/2023 14:02:34.452, 07/19/2023 14:02:34.397, 3.35332e+0, 6.89792e-3, -2.16347e+1, 1.01739e+0, 2.03126e+0, 2.80845e-3, 2.47839e+4, 1.19740e+2, 3.87168e+2, 5.26639e-1, 2.08288e+0, 2.99054e-3, 3.97007e+2, 5.43799e-1, 5.08220e+2, 3.93947e-2, 3.23076e+1, 7.55057e-2, 3.21370e+1, 9.31375e-3, 3.33216e+0, 3.31847e-4, 3.49375e+0, 8.11881e-4, 2.00000e+1, 0.00000e+0, 5.00000e+0, 0.00000e+0, 3, -1, Disabled
07/19/2023 14:02:44.397, 07/19/2023 14:02:44.341, 3.37519e+0, 8.88000e-3, -1.84081e+1, 1.30974e+0, 2.03970e+0, 2.82739e-3, 2.50675e+4, 7.08535e+1, 3.87751e+2, 7.83852e-1, 2.09215e+0, 2.96632e-3, 3.97721e+2, 8.22201e-1, 5.08229e+2, 4.71405e-2, 3.22608e+1, 3.80162e-2, 3.21488e+1, 6.84905e-3, 3.33192e+0, 5.60813e-4, 3.49356e+0, 5.09478e-4, 2.00000e+1, 0.00000e+0, 5.00000e+0, 0.00000e+0, 3, -1, Disabled
07/19/2023 14:02:54.342, 07/19/2023 14:02:54.286, 3.32780e+0, 1.57512e-2, -2.53987e+1, 2.32318e+0, 2.04486e+0, 1.58159e-3, 2.49994e+4, 4.51178e+2, 3.89482e+2, 7.16223e-1, 2.09730e+0, 1.86846e-3, 3.99468e+2, 6.28068e-1, 5.08227e+2, 3.62951e-2, 3.22453e+1, 3.72024e-2, 3.21492e+1, 7.52039e-3, 3.33185e+0, 4.12741e-4, 3.49340e+0, 6.85222e-4, 2.00000e+1, 0.00000e+0, 5.00000e+0, 0.00000e+0, 3, -1, Disabled
07/19/2023 14:03:04.290, 07/19/2023 14:03:04.231, 3.34430e+0, 1.02866e-2, -2.29652e+1, 1.51720e+0, 2.02742e+0, 7.10390e-3, 2.28081e+4, 5.48503e+2, 3.92656e+2, 1.29971e+0, 2.07475e+0, 8.40392e-3, 4.01820e+2, 1.13849e+0, 5.08240e+2, 3.60863e-2, 3.22306e+1, 1.03678e-2, 3.21429e+1, 9.35960e-3, 3.33242e+0, 3.90511e-4, 3.49403e+0, 6.48839e-4, 2.00000e+1, 0.00000e+0, 5.00000e+0, 0.00000e+0, 3, -1, Disabled
07/19/2023 14:03:14.230, 07/19/2023 14:03:14.177, 3.37016e+0, 2.91698e-3, -1.91505e+1, 4.30233e-1, 2.01477e+0, 2.66367e-3, 2.14638e+4, 3.07539e+2, 3.98178e+2, 2.35831e+0, 2.05896e+0, 3.04789e-3, 4.06912e+2, 2.43383e+0, 5.08244e+2, 3.90999e-2, 3.22575e+1, 1.06797e-2, 3.21502e+1, 8.83892e-3, 3.33253e+0, 2.80400e-4, 3.49396e+0, 5.32015e-4, 2.00000e+1, 0.00000e+0, 5.00000e+0, 0.00000e+0, 3, -1, Disabled
07/19/2023 14:03:24.179, 07/19/2023 14:03:24.122, 3.36805e+0, 3.28892e-3, -1.94616e+1, 4.85092e-1, 2.00997e+0, 1.68544e-3, 2.20426e+4, 1.16478e+2, 3.95578e+2, 4.91818e-1, 2.05527e+0, 1.78010e-3, 4.04494e+2, 5.10759e-1, 5.08243e+2, 3.42705e-2, 3.22756e+1, 1.05008e-2, 3.21479e+1, 4.81283e-3, 3.33253e+0, 4.30395e-4, 3.49400e+0, 6.94528e-4, 2.00000e+1, 0.00000e+0, 5.00000e+0, 0.00000e+0, 3, -1, Disabled
07/19/2023 14:03:34.121, 07/19/2023 14:03:34.068, 3.36777e+0, 2.80055e-3, -1.95032e+1, 4.13060e-1, 2.00872e+0, 1.21769e-3, 2.23397e+4, 1.87939e+2, 3.92939e+2, 7.29938e-1, 2.05462e+0, 1.04717e-3, 4.01918e+2, 7.22063e-1, 5.08219e+2, 6.22519e-2, 3.22821e+1, 9.50529e-3, 3.21600e+1, 1.27036e-2, 3.33238e+0, 5.05347e-4, 3.49392e+0, 4.31488e-4, 2.00000e+1, 0.00000e+0, 5.00000e+0, 0.00000e+0, 3, -1, Disabled
07/19/2023 14:03:44.072, 07/19/2023 14:03:44.013, 3.36422e+0, 2.92131e-3, -2.00268e+1, 4.30872e-1, 2.00956e+0, 1.26773e-3, 2.30350e+4, 2.08857e+2, 3.94139e+2, 2.56805e+0, 2.05694e+0, 1.49144e-3, 4.03433e+2, 2.69130e+0, 5.08216e+2, 7.47744e-2, 3.22908e+1, 9.45951e-3, 3.22048e+1, 7.79752e-3, 3.33217e+0, 2.61548e-4, 3.49386e+0, 6.63487e-4, 2.00000e+1, 0.00000e+0, 5.00000e+0, 0.00000e+0, 3, -1, Disabled
07/19/2023 14:03:54.020, 07/19/2023 14:03:53.959, 3.36474e+0, 5.60031e-3, -1.99492e+1, 8.26004e-1, 2.01369e+0, 1.67165e-3, 2.33165e+4, 1.73638e+2, 4.45471e+2, 3.17602e+1, 2.06176e+0, 1.64101e-3, 4.56105e+2, 3.25006e+1, 5.08228e+2, 7.39187e-2, 3.22891e+1, 8.53679e-3, 3.22160e+1, 5.65577e-3, 3.33227e+0, 5.51641e-4, 3.49341e+0, 6.73593e-4, 2.00000e+1, 0.00000e+0, 5.00000e+0, 0.00000e+0, 3, -1, Disabled
07/19/2023 14:04:03.958, 07/19/2023 14:04:03.904, 3.35583e+0, 3.27244e-3, -2.12637e+1, 4.82661e-1, 2.01706e+0, 1.86532e-3, 2.37076e+4, 1.59769e+2, 4.54877e+2, 1.02111e+1, 2.06604e+0, 2.12819e-3, 4.65922e+2, 1.04020e+1, 5.08236e+2, 4.06678e-2, 3.22986e+1, 1.06015e-2, 3.22327e+1, 8.66840e-3, 3.33207e+0, 3.04164e-4, 3.49383e+0, 5.08943e-4, 2.00000e+1, 0.00000e+0, 5.00000e+0, 0.00000e+0, 3, -1, Disabled
07/19/2023 14:04:13.906, 07/19/2023 14:04:13.850, 3.34949e+0, 3.23314e-3, -2.21988e+1, 4.76864e-1, 2.01968e+0, 1.90313e-3, 2.37290e+4, 7.56151e+1, 4.25154e+2, 5.88997e+0, 2.06877e+0, 1.93482e-3, 4.35488e+2, 6.01988e+0, 5.08234e+2, 5.58749e-2, 3.22922e+1, 1.25846e-2, 3.22416e+1, 9.65966e-3, 3.33215e+0, 3.16468e-4, 3.49402e+0, 5.70270e-4, 2.00000e+1, 0.00000e+0, 5.00000e+0, 0.00000e+0, 3, -1, Disabled
07/19/2023 14:04:23.845, 07/19/2023 14:04:23.794, 3.35019e+0, 4.13571e-3, -2.20962e+1, 6.09986e-1, 2.01881e+0, 1.50008e-3, 2.37781e+4, 1.25698e+2, 4.12957e+2, 2.30601e+0, 2.06799e+0, 1.44057e-3, 4.23016e+2, 2.32641e+0, 5.08247e+2, 3.90053e-2, 3.22943e+1, 1.13887e-2, 3.22464e+1, 5.33425e-3, 3.33226e+0, 3.04301e-4, 3.49354e+0, 9.12675e-4, 2.00000e+1, 0.00000e+0, 5.00000e+0, 0.00000e+0, 3, -1, Disabled
07/19/2023 14:04:33.799, 07/19/2023 14:04:33.739, 3.34637e+0, 4.53072e-3, -2.26588e+1, 6.68247e-1, 2.01805e+0, 1.90037e-3, 2.42799e+4, 1.94533e+2, 4.08519e+2, 1.12060e+0, 2.06827e+0, 1.95017e-3, 4.18685e+2, 1.07662e+0, 5.08244e+2, 4.29184e-2, 3.22967e+1, 4.51806e-3, 3.22378e+1, 4.98195e-3, 3.33193e+0, 5.22951e-4, 3.49347e+0, 4.75606e-4, 2.00000e+1, 0.00000e+0, 5.00000e+0, 0.00000e+0, 3, -1, Disabled
07/19/2023 14:04:43.742, 07/19/2023 14:04:43.685, 3.36636e+0, 4.17641e-3, -1.97114e+1, 6.15989e-1, 2.01894e+0, 1.52844e-3, 2.46910e+4, 1.77710e+2, 4.05095e+2, 1.00653e+0, 2.07005e+0, 1.30365e-3, 4.15350e+2, 1.07244e+0, 5.08244e+2, 4.06237e-2, 3.22741e+1, 7.51354e-3, 3.22469e+1, 1.10043e-2, 3.33163e+0, 4.53370e-4, 3.49293e+0, 7.38627e-4, 2.00000e+1, 0.00000e+0, 5.00000e+0, 0.00000e+0, 3, -1, Disabled
07/19/2023 14:04:53.690, 07/19/2023 14:04:53.631, 3.36388e+0, 3.46908e-3, -2.00769e+1, 5.11663e-1, 2.01571e+0, 2.17303e-3, 2.36312e+4, 3.18127e+2, 3.99553e+2, 2.14673e+0, 2.06449e+0, 2.70567e-3, 4.09224e+2, 2.30452e+0, 5.08219e+2, 5.14861e-2, 3.22712e+1, 3.24210e-3, 3.22501e+1, 9.27687e-3, 3.33177e+0, 4.67351e-4, 3.49328e+0, 5.13783e-4, 2.00000e+1, 0.00000e+0, 5.00000e+0, 0.00000e+0, 3, -1, Disabled
07/19/2023 14:05:03.635, 07/19/2023 14:05:03.576, 3.36091e+0, 3.88609e-3, -2.05153e+1, 5.73170e-1, 2.01384e+0, 1.86270e-3, 2.31284e+4, 2.13892e+2, 3.94550e+2, 8.61749e-1, 2.06152e+0, 1.63864e-3, 4.03891e+2, 9.29034e-1, 5.08206e+2, 5.98354e-2, 3.22965e+1, 1.09982e-2, 3.22581e+1, 1.35237e-2, 3.33210e+0, 4.33001e-4, 3.49335e+0, 5.96876e-4, 2.00000e+1, 0.00000e+0, 5.00000e+0, 0.00000e+0, 3, -1, Disabled
07/19/2023 14:05:13.575, 07/19/2023 14:05:13.521, 3.35394e+0, 6.32334e-3, -2.15433e+1, 9.32647e-1, 2.01968e+0, 1.93274e-3, 2.28716e+4, 1.63947e+2, 3.92124e+2, 7.72796e-1, 2.06695e+0, 2.10116e-3, 4.01302e+2, 7.81745e-1, 5.08233e+2, 4.05501e-2, 3.23165e+1, 1.50593e-2, 3.22768e+1, 1.04783e-2, 3.33218e+0, 3.20426e-4, 3.49370e+0, 7.52950e-4, 2.00000e+1, 0.00000e+0, 5.00000e+0, 0.00000e+0, 3, -1, Disabled
07/19/2023 14:05:23.524, 07/19/2023 14:05:23.466, 3.34967e+0, 4.28858e-3, -2.21728e+1, 6.32534e-1, 2.01826e+0, 2.78940e-3, 2.28636e+4, 1.11400e+2, 3.90185e+2, 5.83548e-1, 2.06548e+0, 2.93987e-3, 3.99314e+2, 5.89188e-1, 5.08233e+2, 6.52883e-2, 3.23288e+1, 8.36486e-3, 3.22846e+1, 5.80417e-3, 3.33207e+0, 3.28849e-4, 3.49344e+0, 6.71959e-4, 2.00000e+1, 0.00000e+0, 5.00000e+0, 0.00000e+0, 3, -1, Disabled
07/19/2023 14:05:33.474, 07/19/2023 14:05:33.412, 3.34653e+0, 4.58226e-3, -2.26358e+1, 6.75849e-1, 2.01359e+0, 1.32312e-3, 2.25668e+4, 2.73096e+2, 3.89682e+2, 5.30402e-1, 2.06008e+0, 1.29636e-3, 3.98679e+2, 6.20222e-1, 5.08234e+2, 5.72568e-2, 3.23325e+1, 1.83374e-2, 3.22784e+1, 5.95878e-3, 3.33193e+0, 3.12453e-4, 3.49375e+0, 6.37222e-4, 2.00000e+1, 0.00000e+0, 5.00000e+0, 0.00000e+0, 3, -1, Disabled
07/19/2023 14:05:43.413, 07/19/2023 14:05:43.356, 3.35094e+0, 3.29732e-3, -2.19851e+1, 4.86330e-1, 2.01395e+0, 1.72969e-3, 2.29123e+4, 3.56320e+2, 3.89054e+2, 5.59978e-1, 2.06118e+0, 1.86934e-3, 3.98177e+2, 5.68226e-1, 5.08234e+2, 4.55105e-2, 3.23400e+1, 1.20115e-2, 3.22879e+1, 5.45028e-3, 3.33156e+0, 3.49573e-4, 3.49325e+0, 6.77812e-4, 2.00000e+1, 0.00000e+0, 5.00000e+0, 0.00000e+0, 3, -1, Disabled
07/19/2023 14:05:53.361, 07/19/2023 14:05:53.303, 3.34869e+0, 3.28119e-3, -2.23174e+1, 4.83951e-1, 2.01879e+0, 1.91236e-3, 2.36892e+4, 1.87776e+2, 3.89714e+2, 6.53913e-1, 2.06778e+0, 2.27050e-3, 3.99170e+2, 7.26507e-1, 5.08240e+2, 3.86695e-2, 3.23496e+1, 8.98472e-3, 3.22883e+1, 9.55366e-3, 3.33152e+0, 2.15471e-4, 3.49318e+0, 8.77583e-4, 2.00000e+1, 0.00000e+0, 5.00000e+0, 0.00000e+0, 3, -1, Disabled
07/19/2023 14:06:03.310, 07/19/2023 14:06:03.247, 3.35026e+0, 5.24924e-3, -2.20854e+1, 7.74224e-1, 2.02379e+0, 2.38638e-3, 2.43534e+4, 2.69243e+2, 3.90968e+2, 3.72518e-1, 2.07430e+0, 2.98627e-3, 4.00727e+2, 4.46939e-1, 5.08219e+2, 4.44512e-2, 3.23491e+1, 3.83982e-3, 3.22996e+1, 6.58358e-3, 3.33161e+0, 3.61099e-4, 3.49304e+0, 5.35665e-4, 2.00000e+1, 0.00000e+0, 5.00000e+0, 0.00000e+0, 3, -1, Disabled
07/19/2023 14:06:13.266, 07/19/2023 14:06:13.199, 3.35085e+0, 2.89235e-3, -2.19989e+1, 4.26600e-1, 2.02757e+0, 1.45987e-3, 2.48653e+4, 6.93592e+1, 3.90590e+2, 5.16412e-1, 2.07927e+0, 1.56518e-3, 4.00550e+2, 5.17595e-1, 5.08209e+2, 4.49539e-2, 3.23575e+1, 9.30737e-3, 3.23055e+1, 7.77806e-3, 3.33126e+0, 3.60515e-4, 3.49341e+0, 5.75192e-4, 2.00000e+1, 0.00000e+0, 5.00000e+0, 0.00000e+0, 3, -1, Disabled
07/19/2023 14:06:23.215, 07/19/2023 14:06:23.158, 3.35636e+0, 5.95076e-3, -2.11865e+1, 8.77693e-1, 2.02864e+0, 9.37607e-4, 2.50020e+4, 1.37396e+2, 3.90036e+2, 5.74240e-1, 2.08066e+0, 9.10403e-4, 4.00037e+2, 5.58006e-1, 5.08235e+2, 4.23871e-2, 3.23453e+1, 1.07567e-2, 3.23123e+1, 1.03513e-2, 3.33130e+0, 3.50986e-4, 3.49274e+0, 5.76019e-4, 2.00000e+1, 0.00000e+0, 5.00000e+0, 0.00000e+0, 3, -1, Disabled
07/19/2023 14:06:33.159, 07/19/2023 14:06:33.104, 3.35588e+0, 2.34305e-3, -2.12573e+1, 3.45582e-1, 2.02469e+0, 2.25334e-3, 2.49042e+4, 9.20122e+1, 3.90364e+2, 3.58936e-1, 2.07640e+0, 2.17838e-3, 4.00334e+2, 3.60146e-1, 5.08242e+2, 4.86945e-2, 3.23347e+1, 7.98697e-3, 3.23438e+1, 9.28972e-3, 3.33138e+0, 3.54017e-4, 3.49262e+0, 5.71827e-4, 2.00000e+1, 0.00000e+0, 5.00000e+0, 0.00000e+0, 3, -1, Disabled
07/19/2023 14:06:43.107, 07/19/2023 14:06:43.048, 3.34976e+0, 4.01143e-3, -2.21593e+1, 5.91656e-1, 2.01792e+0, 2.76369e-3, 2.50353e+4, 6.01825e+1, 3.91765e+2, 5.92292e-1, 2.06974e+0, 2.90712e-3, 4.01825e+2, 5.94076e-1, 5.08234e+2, 4.41440e-2, 3.23323e+1, 1.69569e-2, 3.23589e+1, 9.08899e-3, 3.33156e+0, 4.80056e-4, 3.49254e+0, 3.47720e-4, 2.00000e+1, 0.00000e+0, 5.00000e+0, 0.00000e+0, 3, -1, Disabled
07/19/2023 14:06:53.051, 07/19/2023 14:06:52.995, 3.33856e+0, 3.46398e-3, -2.38109e+1, 5.10912e-1, 2.01243e+0, 1.85511e-3, 2.48749e+4, 5.67764e+1, 3.93233e+2, 1.50602e+0, 2.06377e+0, 1.88578e-3, 4.03264e+2, 1.53430e+0, 5.08242e+2, 4.51921e-2, 3.23363e+1, 1.06093e-2, 3.23366e+1, 9.67144e-3, 3.33160e+0, 2.60546e-4, 3.49229e+0, 6.22371e-4, 2.00000e+1, 0.00000e+0, 5.00000e+0, 0.00000e+0, 3, -1, Disabled
07/19/2023 14:07:02.993, 07/19/2023 14:07:02.940, 3.33160e+0, 6.88359e-3, -2.48380e+1, 1.01528e+0, 2.01223e+0, 1.92328e-3, 2.44445e+4, 1.98149e+2, 3.94974e+2, 6.25957e-1, 2.06265e+0, 2.05728e-3, 4.04870e+2, 6.83726e-1, 5.08247e+2, 5.59284e-2, 3.23680e+1, 1.00939e-2, 3.23255e+1, 9.64315e-3, 3.33159e+0, 4.38900e-4, 3.49237e+0, 6.37907e-4, 2.00000e+1, 0.00000e+0, 5.00000e+0, 0.00000e+0, 3, -1, Disabled
07/19/2023 14:07:12.944, 07/19/2023 14:07:12.885, 3.33443e+0, 2.58353e-3, -2.44201e+1, 3.81052e-1, 2.01375e+0, 2.67373e-3, 2.42676e+4, 1.35512e+2, 3.97615e+2, 6.53125e-1, 2.06383e+0, 2.51368e-3, 4.07504e+2, 6.32428e-1, 5.08222e+2, 3.76199e-2, 3.23825e+1, 1.11711e-2, 3.23394e+1, 9.37197e-3, 3.33166e+0, 3.15045e-4, 3.49236e+0, 5.59122e-4, 2.00000e+1, 0.00000e+0, 5.00000e+0, 0.00000e+0, 3, -1, Disabled
07/19/2023 14:07:22.891, 07/19/2023 14:07:22.830, 3.32609e+0, 7.11385e-3, -2.56498e+1, 1.04924e+0, 2.01475e+0, 1.09763e-3, 2.44862e+4, 1.77810e+2, 3.97874e+2, 7.91139e-1, 2.06532e+0, 1.16263e-3, 4.07861e+2, 8.18510e-1, 5.08201e+2, 4.04096e-2, 3.23824e+1, 1.03294e-2, 3.23578e+1, 6.62456e-3, 3.33183e+0, 3.29190e-4, 3.49266e+0, 3.07517e-4, 2.00000e+1, 0.00000e+0, 5.00000e+0, 0.00000e+0, 3, -1, Disabled
07/19/2023 14:07:32.831, 07/19/2023 14:07:32.775, 3.31468e+0, 3.71073e-3, -2.73331e+1, 5.47305e-1, 2.01503e+0, 2.15062e-3, 2.45339e+4, 1.30187e+2, 4.09135e+2, 7.11377e+0, 2.06571e+0, 2.04576e-3, 4.19425e+2, 7.27198e+0, 5.08206e+2, 3.74071e-2, 3.23938e+1, 1.82717e-3, 3.23603e+1, 9.84351e-3, 3.33168e+0, 4.47771e-4, 3.49274e+0, 4.31158e-4, 2.00000e+1, 0.00000e+0, 5.00000e+0, 0.00000e+0, 3, -1, Disabled
07/19/2023 14:07:42.782, 07/19/2023 14:07:42.720, 3.31376e+0, 3.70861e-3, -2.74684e+1, 5.46993e-1, 2.01479e+0, 1.82540e-3, 2.47925e+4, 1.41392e+2, 4.19961e+2, 9.86214e-1, 2.06601e+0, 1.75251e-3, 4.30638e+2, 1.03545e+0, 5.08218e+2, 4.45157e-2, 3.23930e+1, 1.38125e-2, 3.23551e+1, 7.02866e-3, 3.33171e+0, 4.02827e-4, 3.49273e+0, 3.18719e-4, 2.00000e+1, 0.00000e+0, 5.00000e+0, 0.00000e+0, 3, -1, Disabled
07/19/2023 14:07:52.724, 07/19/2023 14:07:52.666, 3.30856e+0, 4.48639e-3, -2.82366e+1, 6.61709e-1, 2.01385e+0, 2.57450e-3, 2.46704e+4, 1.35734e+2, 4.22296e+2, 1.01364e+0, 2.06478e+0, 2.78316e-3, 4.32977e+2, 1.03441e+0, 5.08227e+2, 4.46236e-2, 3.24014e+1, 1.77122e-3, 3.23469e+1, 7.01984e-3, 3.33141e+0, 4.97299e-4, 3.49237e+0, 3.26435e-4, 2.00000e+1, 0.00000e+0, 5.00000e+0, 0.00000e+0, 3, -1, Disabled
07/19/2023 14:08:02.670, 07/19/2023 14:08:02.611, 3.30911e+0, 3.25134e-3, -2.81553e+1, 4.79549e-1, 2.00883e+0, 2.25766e-3, 2.46417e+4, 2.05454e+2, 4.21901e+2, 9.15042e-1, 2.05958e+0, 2.01234e-3, 4.32560e+2, 8.67944e-1, 5.08225e+2, 4.03335e-2, 3.24001e+1, 1.17766e-2, 3.23472e+1, 6.91161e-3, 3.33116e+0, 2.36443e-4, 3.49242e+0, 7.68749e-4, 2.00000e+1, 0.00000e+0, 5.00000e+0, 0.00000e+0, 3, -1, Disabled
07/19/2023 14:08:12.617, 07/19/2023 14:08:12.556, 3.30589e+0, 4.24501e-3, -2.86298e+1, 6.26107e-1, 2.00363e+0, 1.95106e-3, 2.51426e+4, 1.56387e+2, 4.18074e+2, 1.48972e+0, 2.05530e+0, 1.78438e-3, 4.28856e+2, 1.46537e+0, 5.08243e+2, 4.75016e-2, 3.24029e+1, 1.02918e-2, 3.23480e+1, 9.09469e-3, 3.33125e+0, 2.16639e-4, 3.49239e+0, 5.41877e-4, 2.00000e+1, 0.00000e+0, 5.00000e+0, 0.00000e+0, 3, -1, Disabled
07/19/2023 14:08:22.560, 07/19/2023 14:08:22.502, 3.30351e+0, 2.81472e-3, -2.89809e+1, 4.15150e-1, 2.00439e+0, 1.76881e-3, 2.51596e+4, 2.34650e+2, 4.12877e+2, 2.13518e+0, 2.05613e+0, 1.55578e-3, 4.23533e+2, 2.27668e+0, 5.08264e+2, 3.87747e-2, 3.23979e+1, 1.17174e-2, 3.23532e+1, 7.19796e-3, 3.33103e+0, 5.00191e-4, 3.49211e+0, 6.65025e-4, 2.00000e+1, 0.00000e+0, 5.00000e+0, 0.00000e+0, 3, -1, Disabled
07/19/2023 14:08:32.504, 07/19/2023 14:08:32.448, 3.30256e+0, 2.85654e-3, -2.91216e+1, 4.21318e-1, 2.01710e+0, 3.16361e-3, 2.45179e+4, 1.51069e+2, 4.12256e+2, 7.38804e-1, 2.06780e+0, 3.04992e-3, 4.22618e+2, 7.66033e-1, 5.08226e+2, 5.82679e-2, 3.23785e+1, 1.51589e-2, 3.23548e+1, 8.86661e-3, 3.33133e+0, 4.47088e-4, 3.49215e+0, 6.35895e-4, 2.00000e+1, 0.00000e+0, 5.00000e+0, 0.00000e+0, 3, -1, Disabled
07/19/2023 14:08:42.449, 07/19/2023 14:08:42.393, 3.29752e+0, 2.64923e-3, -2.98648e+1, 3.90742e-1, 2.01413e+0, 2.37637e-3, 2.42980e+4, 1.75550e+2, 4.07132e+2, 2.34264e+0, 2.06429e+0, 2.61047e-3, 4.17272e+2, 2.46150e+0, 5.08212e+2, 4.24639e-2, 3.23781e+1, 6.21893e-3, 3.23417e+1, 9.95535e-3, 3.33099e+0, 5.53809e-4, 3.49206e+0, 5.92016e-4, 2.00000e+1, 0.00000e+0, 5.00000e+0, 0.00000e+0, 3, -1, Disabled
07/19/2023 14:08:52.394, 07/19/2023 14:08:52.338, 3.29576e+0, 2.54325e-3, -3.01237e+1, 3.75111e-1, 2.01130e+0, 9.54119e-4, 2.47578e+4, 2.01664e+2, 4.03577e+2, 1.11307e+0, 2.06236e+0, 8.21456e-4, 4.13823e+2, 1.08036e+0, 5.08232e+2, 5.59715e-2, 3.24082e+1, 1.09802e-2, 3.23733e+1, 1.34161e-2, 3.33117e+0, 4.36205e-4, 3.49178e+0, 3.77763e-4, 2.00000e+1, 0.00000e+0, 5.00000e+0, 0.00000e+0, 3, -1, Disabled
07/19/2023 14:09:02.341, 07/19/2023 14:09:02.283, 3.29237e+0, 3.48476e-3, -3.06239e+1, 5.13977e-1, 2.01137e+0, 1.02724e-3, 2.47896e+4, 1.40411e+2, 3.99538e+2, 1.26279e+0, 2.06250e+0, 9.60069e-4, 4.09695e+2, 1.33637e+0, 5.08243e+2, 3.81583e-2, 3.24281e+1, 2.08624e-2, 3.23734e+1, 7.17988e-3, 3.33131e+0, 6.41963e-4, 3.49190e+0, 4.33453e-4, 2.00000e+1, 0.00000e+0, 5.00000e+0, 0.00000e+0, 3, -1, Disabled
07/19/2023 14:09:12.284, 07/19/2023 14:09:12.228, 3.28604e+0, 3.62995e-3, -3.15574e+1, 5.35391e-1, 2.01488e+0, 1.48052e-3, 2.47910e+4, 1.02278e+2, 3.97143e+2, 4.58915e-1, 2.06610e+0, 1.53063e-3, 4.07239e+2, 4.75043e-1, 5.08237e+2, 4.07251e-2, 3.24388e+1, 8.33809e-3, 3.23649e+1, 8.52627e-3, 3.33134e+0, 3.44333e-4, 3.49234e+0, 6.02055e-4, 2.00000e+1, 0.00000e+0, 5.00000e+0, 0.00000e+0, 3, -1, Disabled
07/19/2023 14:09:22.232, 07/19/2023 14:09:22.173, 3.28315e+0, 2.39732e-3, -3.19844e+1, 3.53587e-1, 2.01621e+0, 1.36249e-3, 2.48605e+4, 1.15536e+2, 3.96983e+2, 4.86098e-1, 2.06761e+0, 1.43412e-3, 4.07104e+2, 4.79292e-1, 5.08250e+2, 3.96564e-2, 3.24323e+1, 1.47293e-2, 3.23659e+1, 1.24443e-2, 3.33130e+0, 4.23997e-4, 3.49261e+0, 4.38354e-4, 2.00000e+1, 0.00000e+0, 5.00000e+0, 0.00000e+0, 3, -1, Disabled
07/19/2023 14:09:32.175, 07/19/2023 14:09:32.118, 3.27874e+0, 4.26978e-3, -3.26348e+1, 6.29761e-1, 2.01814e+0, 1.18421e-3, 2.50030e+4, 9.64305e+1, 3.95790e+2, 3.24115e-1, 2.06990e+0, 1.26923e-3, 4.05939e+2, 3.36914e-1, 5.08260e+2, 4.21944e-2, 3.24392e+1, 1.33481e-2, 3.23445e+1, 9.08127e-3, 3.33157e+0, 3.37704e-4, 3.49279e+0, 3.75833e-4, 2.00000e+1, 0.00000e+0, 5.00000e+0, 0.00000e+0, 3, -1, Disabled
07/19/2023 14:09:42.133, 07/19/2023 14:09:42.071, 3.27503e+0, 2.16529e-3, -3.31809e+1, 3.19364e-1, 2.02095e+0, 2.09004e-3, 2.50885e+4, 1.40300e+2, 3.95710e+2, 7.79724e-1, 2.07295e+0, 2.08425e-3, 4.05893e+2, 8.15723e-1, 5.08250e+2, 4.74003e-2, 3.24473e+1, 5.04182e-3, 3.23523e+1, 8.89305e-3, 3.33178e+0, 5.46004e-4, 3.49313e+0, 4.89619e-4, 2.00000e+1, 0.00000e+0, 5.00000e+0, 0.00000e+0, 3, -1, Disabled
07/19/2023 14:09:52.070, 07/19/2023 14:09:52.017, 3.27183e+0, 2.75001e-3, -3.36528e+1, 4.05607e-1, 2.02342e+0, 1.12949e-3, 2.51161e+4, 1.05464e+2, 3.96099e+2, 9.48851e-1, 2.07555e+0, 1.12847e-3, 4.06304e+2, 9.74472e-1, 5.08213e+2, 6.91810e-2, 3.24476e+1, 7.63492e-3, 3.23481e+1, 1.12069e-2, 3.33188e+0, 2.69414e-4, 3.49334e+0, 7.12979e-4, 2.00000e+1, 0.00000e+0, 5.00000e+0, 0.00000e+0, 3, -1, Disabled
07/19/2023 14:10:02.019, 07/19/2023 14:10:01.961, 3.26711e+0, 3.91316e-3, -3.43495e+1, 5.77162e-1, 2.01908e+0, 2.65573e-3, 2.48846e+4, 1.64425e+2, 3.93834e+2, 5.63356e-1, 2.07061e+0, 2.97927e-3, 4.03884e+2, 6.20254e-1, 5.08230e+2, 6.85940e-2, 3.24512e+1, 9.54691e-4, 3.23372e+1, 6.76620e-3, 3.33214e+0, 4.54922e-4, 3.49330e+0, 6.09389e-4, 2.00000e+1, 0.00000e+0, 5.00000e+0, 0.00000e+0, 3, -1, Disabled
07/19/2023 14:10:11.968, 07/19/2023 14:10:11.907, 3.26460e+0, 3.43382e-3, -3.47197e+1, 5.06464e-1, 2.01743e+0, 1.34062e-3, 2.40645e+4, 2.77170e+2, 3.94398e+2, 1.49356e+0, 2.06717e+0, 1.25424e-3, 4.04123e+2, 1.46156e+0, 5.08240e+2, 3.61646e-2, 3.24447e+1, 8.71004e-3, 3.23600e+1, 1.10947e-2, 3.33243e+0, 4.26876e-4, 3.49344e+0, 6.10085e-4, 2.00000e+1, 0.00000e+0, 5.00000e+0, 0.00000e+0, 3, -1, Disabled
07/19/2023 14:10:21.906, 07/19/2023 14:10:21.852, 3.26076e+0, 3.20575e-3, -3.52856e+1, 4.72825e-1, 2.01976e+0, 1.30332e-3, 2.42051e+4, 1.91168e+2, 3.97546e+2, 1.34755e+0, 2.06986e+0, 1.16692e-3, 4.07408e+2, 1.32242e+0, 5.08232e+2, 4.28170e-2, 3.24231e+1, 6.47510e-3, 3.23454e+1, 4.67101e-3, 3.33257e+0, 5.41717e-4, 3.49357e+0, 4.17202e-4, 2.00000e+1, 0.00000e+0, 5.00000e+0, 0.00000e+0, 3, -1, Disabled
07/19/2023 14:10:31.856, 07/19/2023 14:10:31.797, 3.25826e+0, 2.79459e-3, -3.56547e+1, 4.12182e-1, 2.02017e+0, 1.04074e-3, 2.43650e+4, 1.74992e+2, 3.94012e+2, 5.61796e-1, 2.07062e+0, 1.28863e-3, 4.03852e+2, 5.35644e-1, 5.08242e+2, 3.77868e-2, 3.24185e+1, 4.69471e-3, 3.23554e+1, 8.28005e-3, 3.33243e+0, 5.42178e-4, 3.49330e+0, 5.40583e-4, 2.00000e+1, 0.00000e+0, 5.00000e+0, 0.00000e+0, 3, -1, Disabled
07/19/2023 14:10:41.813, 07/19/2023 14:10:41.743, 3.25953e+0, 3.73250e-3, -3.54675e+1, 5.50516e-1, 2.03031e+0, 3.30720e-3, 2.47682e+4, 1.06867e+2, 3.94338e+2, 5.58379e-1, 2.08187e+0, 3.56037e-3, 4.04354e+2, 5.95237e-1, 5.08249e+2, 4.41170e-2, 3.24409e+1, 1.14670e-2, 3.23548e+1, 3.07573e-3, 3.33235e+0, 4.66983e-4, 3.49330e+0, 7.43048e-4, 2.00000e+1, 0.00000e+0, 5.00000e+0, 0.00000e+0, 3, -1, Disabled
07/19/2023 14:10:51.759, 07/19/2023 14:10:51.688, 3.25441e+0, 3.40868e-3, -3.62232e+1, 5.02755e-1, 2.04037e+0, 5.99285e-3, 2.48298e+4, 8.32618e+1, 3.95861e+2, 4.47141e-1, 2.09232e+0, 6.17440e-3, 4.05941e+2, 4.66326e-1, 5.08241e+2, 4.41967e-2, 3.24651e+1, 1.67916e-2, 3.23567e+1, 8.67556e-3, 3.33209e+0, 4.00943e-4, 3.49339e+0, 5.52815e-4, 2.00000e+1, 0.00000e+0, 5.00000e+0, 0.00000e+0, 3, -1, Disabled
07/19/2023 14:11:01.714, 07/19/2023 14:11:01.633, 3.24951e+0, 3.56926e-3, -3.69454e+1, 5.26440e-1, 2.05992e+0, 6.04449e-3, 2.52333e+4, 1.42435e+2, 3.96551e+2, 3.57578e-1, 2.11325e+0, 6.48750e-3, 4.06816e+2, 3.49459e-1, 5.08227e+2, 4.23537e-2, 3.24733e+1, 1.36952e-2, 3.23669e+1, 8.21849e-3, 3.33182e+0, 3.84250e-4, 3.49318e+0, 4.75776e-4, 2.00000e+1, 0.00000e+0, 5.00000e+0, 0.00000e+0, 3, -1, Disabled
07/19/2023 14:11:11.634, 07/19/2023 14:11:11.578, 3.24788e+0, 4.05643e-3, -3.71861e+1, 5.98293e-1, 2.06933e+0, 1.61036e-3, 2.56383e+4, 1.33212e+2, 3.96106e+2, 6.26514e-1, 2.12378e+0, 1.75181e-3, 4.06528e+2, 6.63468e-1, 5.08224e+2, 4.41720e-2, 3.24745e+1, 1.52593e-2, 3.23514e+1, 6.71085e-3, 3.33163e+0, 3.62005e-4, 3.49312e+0, 6.40627e-4, 2.00000e+1, 0.00000e+0, 5.00000e+0, 0.00000e+0, 3, -1, Disabled
07/19/2023 14:11:21.588, 07/19/2023 14:11:21.531, 3.25102e+0, 3.86588e-3, -3.67229e+1, 5.70189e-1, 2.06157e+0, 4.21971e-3, 2.57137e+4, 8.15890e+1, 3.94614e+2, 5.84030e-1, 2.11598e+0, 4.26167e-3, 4.05028e+2, 5.86696e-1, 5.08231e+2, 4.18961e-2, 3.24815e+1, 2.56738e-3, 3.23566e+1, 8.91512e-3, 3.33166e+0, 5.79171e-4, 3.49302e+0, 4.93144e-4, 2.00000e+1, 0.00000e+0, 5.00000e+0, 0.00000e+0, 3, -1, Disabled
07/19/2023 14:11:31.531, 07/19/2023 14:11:31.476, 3.24537e+0, 3.21398e-3, -3.75559e+1, 4.74038e-1, 2.04653e+0, 4.89250e-3, 2.58281e+4, 1.15518e+2, 3.93307e+2, 6.37190e-1, 2.10079e+0, 5.21807e-3, 4.03735e+2, 6.81453e-1, 5.08230e+2, 3.59061e-2, 3.24857e+1, 1.13221e-2, 3.23472e+1, 1.24607e-2, 3.33161e+0, 3.57933e-4, 3.49316e+0, 5.02438e-4, 2.00000e+1, 0.00000e+0, 5.00000e+0, 0.00000e+0, 3, -1, Disabled
07/19/2023 14:11:41.480, 07/19/2023 14:11:41.422, 3.23984e+0, 2.94871e-3, -3.83714e+1, 4.34913e-1, 2.03754e+0, 1.51981e-3, 2.56343e+4, 6.37104e+1, 3.92600e+2, 6.48666e-1, 2.09114e+0, 1.51947e-3, 4.02929e+2, 6.56912e-1, 5.08228e+2, 3.18070e-2, 3.24866e+1, 2.05434e-3, 3.23615e+1, 1.36701e-2, 3.33148e+0, 3.94310e-4, 3.49305e+0, 3.44163e-4, 2.00000e+1, 0.00000e+0, 5.00000e+0, 0.00000e+0, 3, -1, Disabled
07/19/2023 14:11:51.429, 07/19/2023 14:11:51.377, 3.23543e+0, 3.88392e-3, -3.90215e+1, 5.72850e-1, 2.03920e+0, 2.22491e-3, 2.56203e+4, 6.65075e+1, 3.92996e+2, 4.46977e-1, 2.09282e+0, 2.33246e-3, 4.03329e+2, 4.63795e-1, 5.08241e+2, 3.88679e-2, 3.24870e+1, 8.57406e-3, 3.23742e+1, 5.00425e-3, 3.33166e+0, 4.04542e-4, 3.49302e+0, 5.19591e-4, 2.00000e+1, 0.00000e+0, 5.00000e+0, 0.00000e+0, 3, -1, Disabled
07/19/2023 14:12:01.373, 07/19/2023 14:12:01.312, 3.23991e+0, 3.34124e-3, -3.83616e+1, 4.92809e-1, 2.04242e+0, 1.38651e-3, 2.58833e+4, 5.85421e+1, 3.93558e+2, 5.61385e-1, 2.09669e+0, 1.47608e-3, 4.04015e+2, 5.71048e-1, 5.08235e+2, 4.05471e-2, 3.24933e+1, 1.49163e-2, 3.23595e+1, 1.00379e-2, 3.33120e+0, 3.95633e-4, 3.49273e+0, 6.38972e-4, 2.00000e+1, 0.00000e+0, 5.00000e+0, 0.00000e+0, 3, -1, Disabled
07/19/2023 14:12:11.313, 07/19/2023 14:12:11.258, 3.23347e+0, 5.39261e-3, -3.93114e+1, 7.95370e-1, 2.04477e+0, 9.40316e-4, 2.59642e+4, 7.17318e+1, 3.95337e+2, 6.62984e-1, 2.09927e+0, 1.00463e-3, 4.05876e+2, 6.84516e-1, 5.08242e+2, 4.83739e-2, 3.24708e+1, 9.37952e-3, 3.23595e+1, 1.18730e-2, 3.33137e+0, 3.74343e-4, 3.49278e+0, 4.29348e-4, 2.00000e+1, 0.00000e+0, 5.00000e+0, 0.00000e+0, 3, -1, Disabled
07/19/2023 14:12:21.257, 07/19/2023 14:12:21.202, 3.22862e+0, 3.59688e-3, -4.00260e+1, 5.30514e-1, 2.04141e+0, 2.14924e-3, 2.60760e+4, 5.43483e+1, 3.99494e+2, 1.62177e+0, 2.09606e+0, 2.19641e-3, 4.10190e+2, 1.66556e+0, 5.08216e+2, 4.10408e-2, 3.24586e+1, 1.55242e-2, 3.23812e+1, 7.36339e-3, 3.33147e+0, 3.78884e-4, 3.49328e+0, 5.02205e-4, 2.00000e+1, 0.00000e+0, 5.00000e+0, 0.00000e+0, 3, -1, Disabled
07/19/2023 14:12:31.207, 07/19/2023 14:12:31.147, 3.22662e+0, 4.22315e-3, -4.03216e+1, 6.22883e-1, 2.03681e+0, 1.87489e-3, 2.58644e+4, 1.74802e+2, 4.01391e+2, 9.63623e-1, 2.09089e+0, 2.25660e-3, 4.12048e+2, 1.04775e+0, 5.08216e+2, 4.75604e-2, 3.24713e+1, 2.58039e-2, 3.23847e+1, 4.24295e-3, 3.33154e+0, 4.41484e-4, 3.49301e+0, 8.11330e-4, 2.00000e+1, 0.00000e+0, 5.00000e+0, 0.00000e+0, 3, -1, Disabled
07/19/2023 14:12:41.152, 07/19/2023 14:12:41.093, 3.22684e+0, 2.93841e-3, -4.02897e+1, 4.33394e-1, 2.03242e+0, 2.72507e-3, 2.55533e+4, 1.48595e+2, 3.97257e+2, 1.39474e+0, 2.08572e+0, 3.00531e-3, 4.07674e+2, 1.48664e+0, 5.08222e+2, 5.13866e-2, 3.24960e+1, 1.20307e-2, 3.23680e+1, 6.23330e-3, 3.33167e+0, 3.70170e-4, 3.49315e+0, 7.99216e-4, 2.00000e+1, 0.00000e+0, 5.00000e+0, 0.00000e+0, 3, -1, Disabled
07/19/2023 14:12:51.102, 07/19/2023 14:12:51.046, 3.22772e+0, 3.73403e-3, -4.01589e+1, 5.50741e-1, 2.02377e+0, 2.27583e-3, 2.50991e+4, 1.96710e+2, 3.93336e+2, 1.28571e+0, 2.07587e+0, 2.58796e-3, 4.03463e+2, 1.38421e+0, 5.08209e+2, 4.70037e-2, 3.25029e+1, 2.39182e-2, 3.23720e+1, 1.55612e-2, 3.33196e+0, 5.67461e-4, 3.49299e+0, 4.88678e-4, 2.00000e+1, 0.00000e+0, 5.00000e+0, 0.00000e+0, 3, -1, Disabled
07/19/2023 14:13:01.041, 07/19/2023 14:13:00.990, 3.22370e+0, 4.40803e-3, -4.07522e+1, 6.50152e-1, 2.02880e+0, 4.53126e-3, 2.47436e+4, 1.23643e+2, 3.91524e+2, 6.47547e-1, 2.08028e+0, 4.60002e-3, 4.01457e+2, 6.42895e-1, 5.08222e+2, 4.18200e-2, 3.25136e+1, 1.81844e-3, 3.23868e+1, 6.21422e-3, 3.33209e+0, 4.05758e-4, 3.49367e+0, 5.54096e-4, 2.00000e+1, 0.00000e+0, 5.00000e+0, 0.00000e+0, 3, -1, Disabled
07/19/2023 14:13:10.996, 07/19/2023 14:13:10.935, 3.21711e+0, 4.32366e-3, -4.17243e+1, 6.37708e-1, 2.02862e+0, 2.24594e-3, 2.49108e+4, 7.18868e+1, 3.90286e+2, 7.16706e-1, 2.08044e+0, 2.27816e-3, 4.00256e+2, 7.27213e-1, 5.08237e+2, 4.39054e-2, 3.25081e+1, 1.02042e-2, 3.24030e+1, 7.44099e-3, 3.33237e+0, 5.68588e-4, 3.49358e+0, 5.85056e-4, 2.00000e+1, 0.00000e+0, 5.00000e+0, 0.00000e+0, 3, -1, Disabled
07/19/2023 14:13:20.940, 07/19/2023 14:13:20.882, 3.21080e+0, 3.36035e-3, -4.26553e+1, 4.95627e-1, 2.02585e+0, 1.82249e-3, 2.47180e+4, 1.11834e+2, 3.89289e+2, 7.28861e-1, 2.07720e+0, 1.92723e-3, 3.99156e+2, 7.55811e-1, 5.08230e+2, 4.88849e-2, 3.25156e+1, 1.47090e-2, 3.23908e+1, 7.18542e-3, 3.33261e+0, 3.94807e-4, 3.49385e+0, 4.80067e-4, 2.00000e+1, 0.00000e+0, 5.00000e+0, 0.00000e+0, 3, -1, Disabled
07/19/2023 14:13:30.891, 07/19/2023 14:13:30.832, 3.21926e+0, 2.93138e-3, -4.14076e+1, 4.32357e-1, 2.02707e+0, 1.66602e-3, 2.46994e+4, 1.50285e+2, 3.88611e+2, 6.22194e-1, 2.07840e+0, 1.67609e-3, 3.98453e+2, 6.18034e-1, 5.08229e+2, 4.90607e-2, 3.25226e+1, 4.20053e-3, 3.23998e+1, 8.22124e-3, 3.33253e+0, 4.55238e-4, 3.49404e+0, 3.76290e-4, 2.00000e+1, 0.00000e+0, 5.00000e+0, 0.00000e+0, 3, -1, Disabled
07/19/2023 14:13:40.841, 07/19/2023 14:13:40.778, 3.21616e+0, 4.84315e-3, -4.18644e+1, 7.14329e-1, 2.02176e+0, 2.61984e-3, 2.48608e+4, 1.42978e+2, 3.87454e+2, 5.96617e-1, 2.07331e+0, 2.95371e-3, 3.97332e+2, 6.54719e-1, 5.08212e+2, 4.36209e-2, 3.25230e+1, 1.99294e-2, 3.23913e+1, 7.29925e-3, 3.33263e+0, 3.28252e-4, 3.49420e+0, 5.62298e-4, 2.00000e+1, 0.00000e+0, 5.00000e+0, 0.00000e+0, 3, -1, Disabled
07/19/2023 14:13:50.780, 07/19/2023 14:13:50.723, 3.20905e+0, 2.97027e-3, -4.29129e+1, 4.38093e-1, 2.01987e+0, 1.82386e-3, 2.48630e+4, 8.73441e+1, 3.86709e+2, 6.32362e-1, 2.07137e+0, 1.93959e-3, 3.96569e+2, 6.73090e-1, 5.08222e+2, 3.62813e-2, 3.25236e+1, 3.13138e-3, 3.24233e+1, 1.07660e-2, 3.33311e+0, 2.97255e-4, 3.49434e+0, 4.59081e-4, 2.00000e+1, 0.00000e+0, 5.00000e+0, 0.00000e+0, 3, -1, Disabled
07/19/2023 14:14:00.727, 07/19/2023 14:14:00.669, 3.20594e+0, 3.02174e-3, -4.33712e+1, 4.45684e-1, 2.03306e+0, 5.55377e-3, 2.45799e+4, 2.17278e+2, 3.87256e+2, 2.92097e-1, 2.08429e+0, 5.57256e-3, 3.97014e+2, 2.84092e-1, 5.08234e+2, 3.81427e-2, 3.25107e+1, 1.49862e-2, 3.24087e+1, 6.48498e-3, 3.33333e+0, 3.07782e-4, 3.49471e+0, 5.01897e-4, 2.00000e+1, 0.00000e+0, 5.00000e+0, 0.00000e+0, 3, -1, Disabled
07/19/2023 14:14:10.672, 07/19/2023 14:14:10.614, 3.20334e+0, 3.80394e-3, -4.37544e+1, 5.61053e-1, 2.03690e+0, 2.62078e-3, 2.46933e+4, 1.02053e+2, 3.87599e+2, 4.16176e-1, 2.08847e+0, 2.65169e-3, 3.97413e+2, 4.45134e-1, 5.08249e+2, 4.37677e-2, 3.24903e+1, 6.28334e-3, 3.24224e+1, 1.40878e-2, 3.33320e+0, 5.71414e-4, 3.49479e+0, 5.65642e-4, 2.00000e+1, 0.00000e+0, 5.00000e+0, 0.00000e+0, 3, -1, Disabled
07/19/2023 14:14:20.644, 07/19/2023 14:14:20.559, 3.21162e+0, 5.04689e-3, -4.25342e+1, 7.44379e-1, 2.02123e+0, 6.98965e-3, 2.40852e+4, 6.14819e+2, 3.87318e+2, 5.35853e-1, 2.07112e+0, 8.34451e-3, 3.96877e+2, 7.30225e-1, 5.08223e+2, 5.05294e-2, 3.24944e+1, 7.21630e-3, 3.24332e+1, 6.32483e-3, 3.33303e+0, 3.08436e-4, 3.49492e+0, 5.30961e-4, 2.00000e+1, 0.00000e+0, 5.00000e+0, 0.00000e+0, 3, -1, Disabled
07/19/2023 14:14:30.562, 07/19/2023 14:14:30.505, 3.20183e+0, 1.11487e-2, -4.39780e+1, 1.64435e+0, 2.01056e+0, 2.91083e-3, 2.36121e+4, 1.77589e+2, 3.86400e+2, 3.08751e-1, 2.05918e+0, 2.83151e-3, 3.95744e+2, 2.89579e-1, 5.08232e+2, 3.99478e-2, 3.25151e+1, 1.48006e-2, 3.24385e+1, 6.43999e-3, 3.33324e+0, 3.65116e-4, 3.49485e+0, 6.01876e-4, 2.00000e+1, 0.00000e+0, 5.00000e+0, 0.00000e+0, 3, -1, Disabled
07/19/2023 14:14:40.515, 07/19/2023 14:14:40.451, 3.19097e+0, 4.00267e-3, -4.55796e+1, 5.90365e-1, 2.00557e+0, 1.65718e-3, 2.38099e+4, 1.63395e+2, 3.87703e+2, 1.40807e+0, 2.05448e+0, 1.57683e-3, 3.97160e+2, 1.48071e+0, 5.08241e+2, 5.12853e-2, 3.25350e+1, 1.67827e-2, 3.24385e+1, 9.28951e-3, 3.33308e+0, 3.04304e-4, 3.49466e+0, 6.53692e-4, 2.00000e+1, 0.00000e+0, 5.00000e+0, 0.00000e+0, 3, -1, Disabled
07/19/2023 14:14:50.455, 07/19/2023 14:14:50.395, 3.18947e+0, 2.99582e-3, -4.58011e+1, 4.41861e-1, 2.00344e+0, 1.91652e-3, 2.40627e+4, 9.66997e+1, 4.16189e+2, 1.61412e+1, 2.05283e+0, 1.91633e-3, 4.26451e+2, 1.65576e+1, 5.08211e+2, 4.85847e-2, 3.25426e+1, 9.67233e-3, 3.24536e+1, 8.99345e-3, 3.33302e+0, 3.02383e-4, 3.49452e+0, 7.05252e-4, 2.00000e+1, 0.00000e+0, 5.00000e+0, 0.00000e+0, 3, -1, Disabled
07/19/2023 14:15:00.399, 07/19/2023 14:15:00.340, 3.18307e+0, 4.12151e-3, -4.67450e+1, 6.07892e-1, 2.00512e+0, 1.44887e-3, 2.42976e+4, 1.84991e+2, 4.35495e+2, 1.16033e+0, 2.05505e+0, 1.45597e-3, 4.46340e+2, 1.18993e+0, 5.08215e+2, 4.11308e-2, 3.25555e+1, 3.16331e-2, 3.24500e+1, 9.20290e-3, 3.33237e+0, 2.80955e-4, 3.49415e+0, 3.46746e-4, 2.00000e+1, 0.00000e+0, 5.00000e+0, 0.00000e+0, 3, -1, Disabled
07/19/2023 14:15:10.344, 07/19/2023 14:15:10.286, 3.18034e+0, 3.18927e-3, -4.71471e+1, 4.70394e-1, 2.00696e+0, 1.95325e-3, 2.45724e+4, 1.08100e+2, 4.39514e+2, 6.37351e+0, 2.05751e+0, 2.07420e-3, 4.50586e+2, 6.57158e+0, 5.08233e+2, 4.41415e-2, 3.25555e+1, 9.22251e-3, 3.24566e+1, 9.74978e-3, 3.33233e+0, 3.02120e-4, 3.49411e+0, 4.26454e-4, 2.00000e+1, 0.00000e+0, 5.00000e+0, 0.00000e+0, 3, -1, Disabled
07/19/2023 14:15:20.288, 07/19/2023 14:15:20.231, 3.18140e+0, 3.31761e-3, -4.69912e+1, 4.89324e-1, 2.01107e+0, 3.43365e-3, 2.46928e+4, 1.55149e+2, 4.68830e+2, 1.03188e+1, 2.06199e+0, 3.77033e-3, 4.80701e+2, 1.06179e+1, 5.08238e+2, 3.17238e-2, 3.25565e+1, 1.99653e-2, 3.24901e+1, 8.12519e-3, 3.33201e+0, 6.11553e-4, 3.49398e+0, 6.36725e-4, 2.00000e+1, 0.00000e+0, 5.00000e+0, 0.00000e+0, 3, -1, Disabled
07/19/2023 14:15:30.235, 07/19/2023 14:15:30.176, 3.17911e+0, 2.75731e-3, -4.73293e+1, 4.06683e-1, 2.02200e+0, 3.63463e-3, 2.47515e+4, 1.16328e+2, 4.61970e+2, 5.43749e+0, 2.07332e+0, 3.66191e-3, 4.73695e+2, 5.59837e+0, 5.08227e+2, 4.51449e-2, 3.25587e+1, 4.76725e-3, 3.24948e+1, 1.27112e-2, 3.33144e+0, 3.17643e-4, 3.49342e+0, 3.79206e-4, 2.00000e+1, 0.00000e+0, 5.00000e+0, 0.00000e+0, 3, -1, Disabled
07/19/2023 14:15:40.199, 07/19/2023 14:15:40.122, 3.17555e+0, 3.70811e-3, -4.78542e+1, 5.46918e-1, 2.02184e+0, 4.00156e-3, 2.48819e+4, 9.06255e+1, 4.38001e+2, 1.10187e+1, 2.07343e+0, 3.98912e-3, 4.49177e+2, 1.12806e+1, 5.08219e+2, 4.09543e-2, 3.25560e+1, 8.67233e-3, 3.25066e+1, 9.50536e-3, 3.33186e+0, 4.86459e-4, 3.49338e+0, 5.70406e-4, 2.00000e+1, 0.00000e+0, 5.00000e+0, 0.00000e+0, 3, -1, Disabled
07/19/2023 14:15:50.124, 07/19/2023 14:15:50.067, 3.18038e+0, 3.42190e-3, -4.71421e+1, 5.04705e-1, 2.01151e+0, 2.55902e-3, 2.47866e+4, 1.76537e+2, 4.08459e+2, 7.15470e+0, 2.06263e+0, 2.95125e-3, 4.18842e+2, 7.40356e+0, 5.08227e+2, 5.94101e-2, 3.25509e+1, 8.15215e-3, 3.25163e+1, 7.33047e-3, 3.33154e+0, 3.94777e-4, 3.49281e+0, 3.09586e-4, 2.00000e+1, 0.00000e+0, 5.00000e+0, 0.00000e+0, 3, -1, Disabled
07/19/2023 14:16:00.070, 07/19/2023 14:16:00.012, 3.17878e+0, 4.50349e-3, -4.73780e+1, 6.64232e-1, 2.00824e+0, 1.65886e-3, 2.43687e+4, 1.79980e+2, 3.96237e+2, 2.24407e+0, 2.05841e+0, 1.68994e-3, 4.06134e+2, 2.27801e+0, 5.08227e+2, 3.92579e-2, 3.25397e+1, 1.52758e-2, 3.25164e+1, 9.29137e-3, 3.33175e+0, 4.21934e-4, 3.49314e+0, 5.19197e-4, 2.00000e+1, 0.00000e+0, 5.00000e+0, 0.00000e+0, 3, -1, Disabled
07/19/2023 14:16:10.014, 07/19/2023 14:16:09.959, 3.17964e+0, 3.22971e-3, -4.72502e+1, 4.76358e-1, 2.00912e+0, 2.30984e-3, 2.47767e+4, 9.21349e+1, 3.92262e+2, 9.91486e-1, 2.06016e+0, 2.49213e-3, 4.02228e+2, 1.03224e+0, 5.08203e+2, 4.74062e-2, 3.25285e+1, 1.11206e-2, 3.25287e+1, 1.41363e-2, 3.33132e+0, 4.70817e-4, 3.49261e+0, 3.80108e-4, 2.00000e+1, 0.00000e+0, 5.00000e+0, 0.00000e+0, 3, -1, Disabled
07/19/2023 14:16:19.981, 07/19/2023 14:16:19.903, 3.17805e+0, 2.72227e-3, -4.74858e+1, 4.01514e-1, 2.01458e+0, 2.85218e-3, 2.50815e+4, 8.37831e+1, 3.91241e+2, 9.13172e-1, 2.06641e+0, 3.01912e-3, 4.01307e+2, 9.10600e-1, 5.08220e+2, 4.46954e-2, 3.25412e+1, 1.19107e-2, 3.25510e+1, 9.04877e-3, 3.33138e+0, 6.38444e-4, 3.49311e+0, 5.48938e-4, 2.00000e+1, 0.00000e+0, 5.00000e+0, 0.00000e+0, 3, -1, Disabled
07/19/2023 14:16:29.910, 07/19/2023 14:16:29.848, 3.17374e+0, 3.69595e-3, -4.81205e+1, 5.45125e-1, 2.01800e+0, 1.20672e-3, 2.53828e+4, 7.79384e+1, 3.88929e+2, 6.40013e-1, 2.07055e+0, 1.35301e-3, 3.99058e+2, 6.37754e-1, 5.08228e+2, 4.95220e-2, 3.25721e+1, 4.67032e-3, 3.25682e+1, 1.46401e-2, 3.33121e+0, 3.12510e-4, 3.49296e+0, 5.89628e-4, 2.00000e+1, 0.00000e+0, 5.00000e+0, 0.00000e+0, 3, -1, Disabled
07/19/2023 14:16:39.855, 07/19/2023 14:16:39.794, 3.16956e+0, 3.20661e-3, -4.87378e+1, 4.72951e-1, 2.01641e+0, 3.08578e-3, 2.52969e+4, 6.90344e+2, 3.87776e+2, 4.21538e-1, 2.06875e+0, 4.26479e-3, 3.97841e+2, 3.93194e-1, 5.08227e+2, 4.94536e-2, 3.25731e+1, 1.24770e-2, 3.26045e+1, 1.51233e-2, 3.33182e+0, 2.72566e-4, 3.49300e+0, 5.45446e-4, 2.00000e+1, 0.00000e+0, 5.00000e+0, 0.00000e+0, 3, -1, Disabled
07/19/2023 14:16:49.792, 07/19/2023 14:16:49.739, 3.16903e+0, 3.20850e-3, -4.88150e+1, 4.73230e-1, 2.01233e+0, 1.88445e-3, 2.31657e+4, 4.48634e+2, 3.88375e+2, 6.61385e-1, 2.06005e+0, 1.53265e-3, 3.97585e+2, 6.35431e-1, 5.08236e+2, 4.17791e-2, 3.25927e+1, 1.82159e-2, 3.26132e+1, 8.01996e-3, 3.33161e+0, 3.48855e-4, 3.49329e+0, 4.39440e-4, 2.00000e+1, 0.00000e+0, 5.00000e+0, 0.00000e+0, 3, -1, Disabled
07/19/2023 14:16:59.742, 07/19/2023 14:16:59.684, 3.16701e+0, 3.88389e-3, -4.91140e+1, 5.72846e-1, 2.00830e+0, 1.27174e-3, 2.42754e+4, 4.05723e+2, 3.87894e+2, 4.36492e-1, 2.05827e+0, 1.32901e-3, 3.97545e+2, 4.18626e-1, 5.08240e+2, 4.96793e-2, 3.25800e+1, 1.76593e-2, 3.26216e+1, 6.16475e-3, 3.33123e+0, 5.25187e-4, 3.49293e+0, 4.43908e-4, 2.00000e+1, 0.00000e+0, 5.00000e+0, 0.00000e+0, 3, -1, Disabled
07/19/2023 14:17:09.690, 07/19/2023 14:17:09.629, 3.16450e+0, 3.21530e-3, -4.94841e+1, 4.74233e-1, 2.00732e+0, 1.35206e-3, 2.51389e+4, 1.93562e+2, 3.87210e+2, 4.10125e-1, 2.05909e+0, 1.28422e-3, 3.97195e+2, 4.03405e-1, 5.08229e+2, 5.00511e-2, 3.25796e+1, 1.17907e-2, 3.26230e+1, 1.32799e-2, 3.33135e+0, 5.13774e-4, 3.49309e+0, 6.92509e-4, 2.00000e+1, 0.00000e+0, 5.00000e+0, 0.00000e+0, 3, -1, Disabled
07/19/2023 14:17:19.638, 07/19/2023 14:17:19.575, 3.16189e+0, 3.77980e-3, -4.98681e+1, 5.57493e-1, 2.01063e+0, 1.19115e-3, 2.53166e+4, 1.26122e+2, 3.86873e+2, 2.80564e-1, 2.06285e+0, 1.24965e-3, 3.96922e+2, 3.02313e-1, 5.08193e+2, 4.16695e-2, 3.25935e+1, 2.49784e-3, 3.26182e+1, 1.26868e-2, 3.33143e+0, 3.73483e-4, 3.49324e+0, 6.05866e-4, 2.00000e+1, 0.00000e+0, 5.00000e+0, 0.00000e+0, 3, -1, Disabled
07/19/2023 14:17:29.578, 07/19/2023 14:17:29.520, 3.15843e+0, 2.82704e-3, -5.03785e+1, 4.16968e-1, 2.01197e+0, 1.67248e-3, 2.55504e+4, 1.91152e+2, 3.92444e+2, 8.67085e+0, 2.06472e+0, 1.64366e-3, 4.02735e+2, 8.96317e+0, 5.08195e+2, 4.58994e-2, 3.25911e+1, 9.96480e-3, 3.26202e+1, 1.15161e-2, 3.33149e+0, 4.24149e-4, 3.49293e+0, 6.02773e-4, 2.00000e+1, 0.00000e+0, 5.00000e+0, 0.00000e+0, 3, -1, Disabled
07/19/2023 14:17:39.519, 07/19/2023 14:17:39.466, 3.15358e+0, 5.06495e-3, -5.10946e+1, 7.47042e-1, 2.01421e+0, 1.80191e-3, 2.60226e+4, 1.41826e+2, 4.23868e+2, 3.46689e+0, 2.06803e+0, 1.91489e-3, 4.35194e+2, 3.60988e+0, 5.08223e+2, 4.56787e-2, 3.25962e+1, 3.28901e-3, 3.26390e+1, 7.05981e-3, 3.33129e+0, 4.12272e-4, 3.49282e+0, 4.40699e-4, 2.00000e+1, 0.00000e+0, 5.00000e+0, 0.00000e+0, 3, -1, Disabled
07/19/2023 14:17:49.469, 07/19/2023 14:17:49.411, 3.15100e+0, 3.38408e-3, -5.14751e+1, 4.99127e-1, 2.01838e+0, 2.63695e-3, 2.64575e+4, 9.96956e+1, 4.20585e+2, 4.92532e+0, 2.07323e+0, 2.81581e-3, 4.32015e+2, 5.03716e+0, 5.08232e+2, 4.46501e-2, 3.25772e+1, 6.86179e-3, 3.26496e+1, 1.10213e-2, 3.33126e+0, 5.16709e-4, 3.49262e+0, 6.41711e-4, 2.00000e+1, 0.00000e+0, 5.00000e+0, 0.00000e+0, 3, -1, Disabled
07/19/2023 14:17:59.419, 07/19/2023 14:17:59.356, 3.15372e+0, 8.95572e-3, -5.10739e+1, 1.32090e+0, 2.01878e+0, 2.59766e-3, 2.48232e+4, 1.44510e+3, 3.98217e+2, 7.97839e+0, 2.07018e+0, 5.52150e-3, 4.08365e+2, 8.76223e+0, 5.08221e+2, 4.29231e-2, 3.25665e+1, 8.59727e-3, 3.26605e+1, 7.19868e-3, 3.33198e+0, 5.18249e-4, 3.49323e+0, 4.32786e-4, 2.00000e+1, 0.00000e+0, 5.00000e+0, 0.00000e+0, 3, -1, Disabled
07/19/2023 14:18:09.375, 07/19/2023 14:18:09.302, 3.16618e+0, 3.32052e-3, -4.92361e+1, 4.89752e-1, 2.01400e+0, 1.81591e-3, 2.10571e+4, 7.16165e+2, 3.88127e+2, 7.19422e-1, 2.05732e+0, 3.07406e-3, 3.96476e+2, 9.65227e-1, 5.08241e+2, 4.05988e-2, 3.25866e+1, 1.86412e-2, 3.26610e+1, 1.43641e-2, 3.33275e+0, 4.30636e-4, 3.49374e+0, 5.38439e-4, 2.00000e+1, 0.00000e+0, 5.00000e+0, 0.00000e+0, 3, -1, Disabled
07/19/2023 14:18:19.303, 07/19/2023 14:18:19.247, 3.16273e+0, 3.44097e-3, -4.97454e+1, 5.07518e-1, 2.01153e+0, 1.37985e-3, 1.96478e+4, 2.87502e+2, 3.88271e+2, 5.93291e-1, 2.05185e+0, 1.58648e-3, 3.96053e+2, 6.35565e-1, 5.08242e+2, 3.56017e-2, 3.26027e+1, 1.45771e-2, 3.26591e+1, 1.02022e-2, 3.33319e+0, 3.35829e-4, 3.49440e+0, 4.00109e-4, 2.00000e+1, 0.00000e+0, 5.00000e+0, 0.00000e+0, 3, -1, Disabled
07/19/2023 14:18:29.247, 07/19/2023 14:18:29.192, 3.15838e+0, 2.85248e-3, -5.03863e+1, 4.20720e-1, 2.00575e+0, 1.41059e-3, 2.14830e+4, 4.53493e+2, 3.87364e+2, 4.75309e-1, 2.04979e+0, 8.71798e-4, 3.95868e+2, 4.81334e-1, 5.08213e+2, 4.01589e-2, 3.26176e+1, 1.39593e-2, 3.26583e+1, 8.43775e-3, 3.33302e+0, 2.74905e-4, 3.49440e+0, 4.65461e-4, 2.00000e+1, 0.00000e+0, 5.00000e+0, 0.00000e+0, 3, -1, Disabled
07/19/2023 14:18:39.199, 07/19/2023 14:18:39.144, 3.15795e+0, 3.72915e-3, -5.04492e+1, 5.50021e-1, 2.00195e+0, 1.18349e-3, 2.33207e+4, 4.34424e+2, 3.87459e+2, 5.21059e-1, 2.04975e+0, 1.56630e-3, 3.96711e+2, 6.49686e-1, 5.08215e+2, 4.59178e-2, 3.26288e+1, 1.50560e-3, 3.26804e+1, 6.97982e-3, 3.33276e+0, 4.34465e-4, 3.49407e+0, 4.22148e-4, 2.00000e+1, 0.00000e+0, 5.00000e+0, 0.00000e+0, 3, -1, Disabled
07/19/2023 14:18:49.151, 07/19/2023 14:18:49.090, 3.15508e+0, 3.37154e-3, -5.08734e+1, 4.97277e-1, 2.00084e+0, 2.15485e-3, 2.40849e+4, 1.12724e+2, 3.89201e+2, 2.39557e+0, 2.05022e+0, 2.39596e-3, 3.98807e+2, 2.47430e+0, 5.08234e+2, 4.33594e-2, 3.26275e+1, 1.09622e-2, 3.26928e+1, 1.19647e-2, 3.33264e+0, 3.66162e-4, 3.49379e+0, 5.49991e-4, 2.00000e+1, 0.00000e+0, 5.00000e+0, 0.00000e+0, 3, -1, Disabled
07/19/2023 14:18:59.095, 07/19/2023 14:18:59.035, 3.15136e+0, 3.17305e-3, -5.14214e+1, 4.68001e-1, 2.00953e+0, 2.94949e-3, 2.47422e+4, 3.26861e+2, 4.17555e+2, 1.02144e+1, 2.06051e+0, 3.57163e-3, 4.28151e+2, 1.06069e+1, 5.08239e+2, 5.23984e-2, 3.26374e+1, 1.30223e-2, 3.26999e+1, 1.04446e-2, 3.33200e+0, 3.92181e-4, 3.49376e+0, 3.28209e-4, 2.00000e+1, 0.00000e+0, 5.00000e+0, 0.00000e+0, 3, -1, Disabled
07/19/2023 14:19:09.044, 07/19/2023 14:19:08.988, 3.15014e+0, 3.43003e-3, -5.16013e+1, 5.05904e-1, 2.00700e+0, 3.46731e-3, 2.51231e+4, 4.36089e+2, 4.17619e+2, 1.16513e+1, 2.05872e+0, 3.89143e-3, 4.28384e+2, 1.20495e+1, 5.08246e+2, 4.15680e-2, 3.26348e+1, 2.04115e-2, 3.27328e+1, 9.04570e-3, 3.33209e+0, 3.48435e-4, 3.49372e+0, 9.13251e-4, 2.00000e+1, 0.00000e+0, 5.00000e+0, 0.00000e+0, 3, -1, Disabled
07/19/2023 14:19:18.995, 07/19/2023 14:19:18.938, 3.14703e+0, 4.26853e-3, -5.20600e+1, 6.29576e-1, 2.00554e+0, 2.20018e-3, 2.26821e+4, 4.18338e+2, 3.93385e+2, 1.17415e+0, 2.05209e+0, 1.96153e-3, 4.02516e+2, 1.30717e+0, 5.08237e+2, 4.76052e-2, 3.26452e+1, 4.19837e-3, 3.27429e+1, 1.31541e-2, 3.33218e+0, 3.64700e-4, 3.49374e+0, 7.62722e-4, 2.00000e+1, 0.00000e+0, 5.00000e+0, 0.00000e+0, 3, -1, Disabled
07/19/2023 14:19:28.942, 07/19/2023 14:19:28.885, 3.14143e+0, 3.41974e-3, -5.28870e+1, 5.04386e-1, 2.00100e+0, 1.85847e-3, 2.33973e+4, 2.40468e+2, 3.90103e+2, 3.63315e-1, 2.04893e+0, 2.07324e-3, 3.99449e+2, 3.38724e-1, 5.08246e+2, 4.66907e-2, 3.26451e+1, 1.11478e-2, 3.27797e+1, 1.19662e-2, 3.33234e+0, 3.76224e-4, 3.49403e+0, 5.31850e-4, 2.00000e+1, 0.00000e+0, 5.00000e+0, 0.00000e+0, 3, -1, Disabled
07/19/2023 14:19:38.892, 07/19/2023 14:19:38.829, 3.13812e+0, 3.67134e-3, -5.33744e+1, 5.41495e-1, 1.99923e+0, 7.92540e-4, 2.41849e+4, 1.50420e+2, 3.89616e+2, 4.61594e-1, 2.04877e+0, 8.37691e-4, 3.99273e+2, 4.77850e-1, 5.08220e+2, 5.07293e-2, 3.26427e+1, 1.49687e-2, 3.27767e+1, 5.96589e-3, 3.33224e+0, 4.08089e-4, 3.49391e+0, 6.54400e-4, 2.00000e+1, 0.00000e+0, 5.00000e+0, 0.00000e+0, 3, -1, Disabled
07/19/2023 14:19:48.835, 07/19/2023 14:19:48.774, 3.13441e+0, 3.22489e-3, -5.39224e+1, 4.75648e-1, 1.99976e+0, 1.75063e-3, 2.41207e+4, 1.65312e+2, 3.89741e+2, 4.78773e-1, 2.04918e+0, 1.86009e-3, 3.99374e+2, 4.98098e-1, 5.08213e+2, 4.30103e-2, 3.26310e+1, 1.45020e-2, 3.27695e+1, 1.09627e-2, 3.33241e+0, 5.01851e-4, 3.49392e+0, 5.14844e-4, 2.00000e+1, 0.00000e+0, 5.00000e+0, 0.00000e+0, 3, -1, Disabled
07/19/2023 14:19:58.778, 07/19/2023 14:19:58.721, 3.13330e+0, 3.00189e-3, -5.40852e+1, 4.42757e-1, 2.00212e+0, 2.43664e-3, 2.35598e+4, 5.51415e+2, 3.91041e+2, 6.34377e-1, 2.05043e+0, 1.64893e-3, 4.00476e+2, 4.57433e-1, 5.08211e+2, 4.77165e-2, 3.26276e+1, 7.92600e-3, 3.27769e+1, 1.13091e-2, 3.33222e+0, 5.11982e-4, 3.49426e+0, 7.59452e-4, 2.00000e+1, 0.00000e+0, 5.00000e+0, 0.00000e+0, 3, -1, Disabled
07/19/2023 14:20:08.719, 07/19/2023 14:20:08.665, 3.12667e+0, 3.76315e-3, -5.50640e+1, 5.55037e-1, 2.00228e+0, 2.05017e-3, 2.31642e+4, 4.86358e+2, 3.92043e+2, 8.57553e-1, 2.04976e+0, 1.40487e-3, 4.01340e+2, 1.03764e+0, 5.08235e+2, 5.33492e-2, 3.26488e+1, 1.02736e-2, 3.27836e+1, 9.65745e-3, 3.33235e+0, 3.04639e-4, 3.49386e+0, 6.82034e-4, 2.00000e+1, 0.00000e+0, 5.00000e+0, 0.00000e+0, 3, -1, Disabled
07/19/2023 14:20:18.680, 07/19/2023 14:20:18.610, 3.11797e+0, 5.97456e-3, -5.63473e+1, 8.81204e-1, 2.00284e+0, 1.38221e-3, 2.31521e+4, 4.22372e+2, 3.89953e+2, 3.49304e-1, 2.05031e+0, 7.04851e-4, 3.99196e+2, 3.25962e-1, 5.08230e+2, 4.99256e-2, 3.26711e+1, 3.26095e-3, 3.27925e+1, 1.06292e-2, 3.33231e+0, 3.67555e-4, 3.49423e+0, 5.17834e-4, 2.00000e+1, 0.00000e+0, 5.00000e+0, 0.00000e+0, 3, -1, Disabled
07/19/2023 14:20:28.616, 07/19/2023 14:20:28.556, 3.11305e+0, 3.15830e-3, -5.70718e+1, 4.65825e-1, 2.00214e+0, 1.28494e-3, 2.36351e+4, 3.05539e+2, 3.90068e+2, 1.12443e+0, 2.05061e+0, 1.27485e-3, 3.99511e+2, 1.17791e+0, 5.08240e+2, 4.63028e-2, 3.26691e+1, 1.31606e-2, 3.27994e+1, 7.02499e-3, 3.33219e+0, 2.93225e-4, 3.49431e+0, 4.73975e-4, 2.00000e+1, 0.00000e+0, 5.00000e+0, 0.00000e+0, 3, -1, Disabled
07/19/2023 14:20:38.566, 07/19/2023 14:20:38.501, 3.11493e+0, 3.76241e-3, -5.67947e+1, 5.54927e-1, 2.00523e+0, 1.82070e-3, 2.30083e+4, 2.94419e+2, 3.92017e+2, 6.83756e-1, 2.05245e+0, 1.51578e-3, 4.01249e+2, 7.32836e-1, 5.08235e+2, 4.77369e-2, 3.26846e+1, 3.33465e-3, 3.28165e+1, 1.06355e-2, 3.33258e+0, 3.68928e-4, 3.49440e+0, 4.80157e-4, 2.00000e+1, 0.00000e+0, 5.00000e+0, 0.00000e+0, 3, -1, Disabled
07/19/2023 14:20:48.503, 07/19/2023 14:20:48.447, 3.11537e+0, 5.58398e-3, -5.67303e+1, 8.23596e-1, 2.00110e+0, 1.00434e-3, 2.41216e+4, 2.15676e+2, 3.90843e+2, 5.81068e-1, 2.05056e+0, 8.45622e-4, 4.00503e+2, 5.92710e-1, 5.08236e+2, 4.51190e-2, 3.26831e+1, 1.74870e-2, 3.28328e+1, 6.20178e-3, 3.33216e+0, 3.25321e-4, 3.49373e+0, 4.37951e-4, 2.00000e+1, 0.00000e+0, 5.00000e+0, 0.00000e+0, 3, -1, Disabled
07/19/2023 14:20:58.446, 07/19/2023 14:20:58.391, 3.11479e+0, 1.04415e-2, -5.68161e+1, 1.54004e+0, 2.00119e+0, 1.65420e-3, 2.43385e+4, 9.74990e+1, 3.89925e+2, 7.80499e-1, 2.05111e+0, 1.58904e-3, 3.99652e+2, 7.77618e-1, 5.08219e+2, 4.79876e-2, 3.26825e+1, 1.24908e-2, 3.28497e+1, 1.75813e-2, 3.33222e+0, 4.50972e-4, 3.49378e+0, 5.13405e-4, 2.00000e+1, 0.00000e+0, 5.00000e+0, 0.00000e+0, 3, -1, Disabled
07/19/2023 14:21:08.396, 07/19/2023 14:21:08.337, 3.13015e+0, 6.45990e-3, -5.45504e+1, 9.52788e-1, 2.00009e+0, 1.69578e-3, 2.45292e+4, 9.40081e+1, 3.89171e+2, 4.58908e-1, 2.05039e+0, 1.66263e-3, 3.98957e+2, 4.64103e-1, 5.08213e+2, 4.06983e-2, 3.27030e+1, 1.68713e-2, 3.28567e+1, 6.15892e-3, 3.33213e+0, 4.42829e-4, 3.49339e+0, 4.68478e-4, 2.00000e+1, 0.00000e+0, 5.00000e+0, 0.00000e+0, 3, -1, Disabled
07/19/2023 14:21:18.343, 07/19/2023 14:21:18.282, 3.12712e+0, 2.52339e-3, -5.49977e+1, 3.72182e-1, 1.99887e+0, 1.42488e-3, 2.47578e+4, 9.53288e+1, 3.87838e+2, 2.45761e-1, 2.04962e+0, 1.49597e-3, 3.97684e+2, 2.48361e-1, 5.08228e+2, 3.63684e-2, 3.27009e+1, 1.56267e-2, 3.28662e+1, 1.38995e-2, 3.33192e+0, 3.47461e-4, 3.49314e+0, 4.11681e-4, 2.00000e+1, 0.00000e+0, 5.00000e+0, 0.00000e+0, 3, -1, Disabled
07/19/2023 14:21:28.291, 07/19/2023 14:21:28.227, 3.12429e+0, 2.64196e-3, -5.54139e+1, 3.89670e-1, 1.99971e+0, 1.86026e-3, 2.48041e+4, 1.15656e+2, 3.87740e+2, 3.22020e-1, 2.05057e+0, 1.83094e-3, 3.97602e+2, 3.44297e-1, 5.08230e+2, 4.76039e-2, 3.26984e+1, 2.82102e-3, 3.28934e+1, 1.18221e-2, 3.33205e+0, 3.34955e-4, 3.49289e+0, 3.89215e-4, 2.00000e+1, 0.00000e+0, 5.00000e+0, 0.00000e+0, 3, -1, Disabled
07/19/2023 14:21:38.231, 07/19/2023 14:21:38.174, 3.12081e+0, 2.31254e-3, -5.59277e+1, 3.41082e-1, 1.99974e+0, 1.63986e-3, 2.48348e+4, 1.21389e+2, 3.87192e+2, 4.37201e-1, 2.05066e+0, 1.80558e-3, 3.97053e+2, 4.66387e-1, 5.08247e+2, 4.63742e-2, 3.26817e+1, 1.61980e-2, 3.28861e+1, 8.93195e-3, 3.33211e+0, 4.54416e-4, 3.49312e+0, 5.90675e-4, 2.00000e+1, 0.00000e+0, 5.00000e+0, 0.00000e+0, 3, -1, Disabled
07/19/2023 14:21:48.176, 07/19/2023 14:21:48.118, 3.11464e+0, 3.63016e-3, -5.68375e+1, 5.35422e-1, 1.99828e+0, 1.41679e-3, 2.48135e+4, 2.50821e+2, 3.86529e+2, 9.65479e-1, 2.04912e+0, 1.61781e-3, 3.96364e+2, 9.37592e-1, 5.08238e+2, 4.26689e-2, 3.26716e+1, 4.37650e-3, 3.28806e+1, 8.91851e-3, 3.33185e+0, 3.39428e-4, 3.49313e+0, 7.04697e-4, 2.00000e+1, 0.00000e+0, 5.00000e+0, 0.00000e+0, 3, -1, Disabled
07/19/2023 14:21:58.120, 07/19/2023 14:21:58.064, 3.11173e+0, 4.98040e-3, -5.72664e+1, 7.34572e-1, 1.99769e+0, 1.33124e-3, 2.44636e+4, 1.29222e+2, 3.87551e+2, 5.39155e-1, 2.04779e+0, 1.27525e-3, 3.97269e+2, 5.86907e-1, 5.08234e+2, 4.16406e-2, 3.26956e+1, 9.09414e-3, 3.28916e+1, 1.01109e-2, 3.33162e+0, 3.26507e-4, 3.49317e+0, 5.28144e-4, 2.00000e+1, 0.00000e+0, 5.00000e+0, 0.00000e+0, 3, -1, Disabled
07/19/2023 14:22:08.067, 07/19/2023 14:22:08.016, 3.13131e+0, 4.80200e-3, -5.43790e+1, 7.08259e-1, 1.99798e+0, 1.77883e-3, 2.47038e+4, 1.70053e+2, 3.87390e+2, 5.87938e-1, 2.04858e+0, 1.88442e-3, 3.97202e+2, 6.42746e-1, 5.08213e+2, 4.04727e-2, 3.27200e+1, 1.38928e-2, 3.28990e+1, 6.33953e-3, 3.33155e+0, 2.78835e-4, 3.49313e+0, 6.34639e-4, 2.00000e+1, 0.00000e+0, 5.00000e+0, 0.00000e+0, 3, -1, Disabled
07/19/2023 14:22:18.017, 07/19/2023 14:22:17.960, 3.13151e+0, 3.83205e-3, -5.43493e+1, 5.65199e-1, 2.00037e+0, 3.72054e-3, 2.39968e+4, 1.10739e+3, 3.86075e+2, 7.26736e-1, 2.04955e+0, 1.82844e-3, 3.95568e+2, 9.20948e-1, 5.08216e+2, 4.03874e-2, 3.27297e+1, 9.97782e-3, 3.29140e+1, 9.83834e-3, 3.33174e+0, 4.38656e-4, 3.49333e+0, 4.92535e-4, 2.00000e+1, 0.00000e+0, 5.00000e+0, 0.00000e+0, 3, -1, Disabled
07/19/2023 14:22:27.960, 07/19/2023 14:22:27.907, 3.13054e+0, 4.53949e-3, -5.44919e+1, 6.69541e-1, 2.00247e+0, 1.77647e-3, 2.35672e+4, 4.88513e+2, 3.86076e+2, 4.88742e-1, 2.05080e+0, 1.42661e-3, 3.95395e+2, 5.66118e-1, 5.08203e+2, 4.24354e-2, 3.27407e+1, 2.70450e-3, 3.29182e+1, 1.07896e-2, 3.33188e+0, 4.70665e-4, 3.49347e+0, 4.57199e-4, 2.00000e+1, 0.00000e+0, 5.00000e+0, 0.00000e+0, 3, -1, Disabled
07/19/2023 14:22:37.911, 07/19/2023 14:22:37.851, 3.12041e+0, 4.70952e-3, -5.59865e+1, 6.94620e-1, 2.00165e+0, 2.05595e-3, 2.35801e+4, 1.83642e+2, 3.87043e+2, 5.89661e-1, 2.04999e+0, 2.10198e-3, 3.96389e+2, 5.66799e-1, 5.08220e+2, 4.62673e-2, 3.27479e+1, 3.12185e-2, 3.29402e+1, 6.66410e-3, 3.33154e+0, 5.31115e-4, 3.49355e+0, 7.72888e-4, 2.00000e+1, 0.00000e+0, 5.00000e+0, 0.00000e+0, 3, -1, Disabled
07/19/2023 14:22:47.854, 07/19/2023 14:22:47.796, 3.11579e+0, 4.53384e-3, -5.66681e+1, 6.68707e-1, 2.00144e+0, 2.18216e-3, 2.39000e+4, 2.05722e+2, 3.87806e+2, 3.86420e-1, 2.05044e+0, 2.25724e-3, 3.97302e+2, 3.85382e-1, 5.08247e+2, 4.83547e-2, 3.27522e+1, 2.18102e-3, 3.29231e+1, 8.50227e-3, 3.33177e+0, 4.49117e-4, 3.49317e+0, 6.50263e-4, 2.00000e+1, 0.00000e+0, 5.00000e+0, 0.00000e+0, 3, -1, Disabled
07/19/2023 14:22:57.798, 07/19/2023 14:22:57.742, 3.11073e+0, 3.62346e-3, -5.74139e+1, 5.34434e-1, 1.99978e+0, 1.56132e-3, 2.39890e+4, 9.88661e+1, 3.87182e+2, 6.71110e-1, 2.04894e+0, 1.59188e-3, 3.96698e+2, 6.88667e-1, 5.08235e+2, 3.11620e-2, 3.27520e+1, 1.17449e-2, 3.29499e+1, 1.72425e-2, 3.33178e+0, 4.76068e-4, 3.49295e+0, 5.85979e-4, 2.00000e+1, 0.00000e+0, 5.00000e+0, 0.00000e+0, 3, -1, Disabled
07/19/2023 14:23:07.757, 07/19/2023 14:23:07.687, 3.10751e+0, 4.47110e-3, -5.78900e+1, 6.59454e-1, 2.00039e+0, 1.45237e-3, 2.39836e+4, 8.79365e+1, 3.86336e+2, 3.63338e-1, 2.04955e+0, 1.39736e-3, 3.95830e+2, 3.78512e-1, 5.08245e+2, 4.38182e-2, 3.27629e+1, 3.55416e-3, 3.29556e+1, 1.19329e-2, 3.33184e+0, 3.56994e-4, 3.49264e+0, 5.54539e-4, 2.00000e+1, 0.00000e+0, 5.00000e+0, 0.00000e+0, 3, -1, Disabled
07/19/2023 14:23:17.689, 07/19/2023 14:23:17.634, 3.10229e+0, 4.40902e-3, -5.86591e+1, 6.50298e-1, 2.00011e+0, 1.74265e-3, 2.40380e+4, 8.34870e+1, 3.86509e+2, 5.69006e-1, 2.04938e+0, 1.67470e-3, 3.96029e+2, 5.83353e-1, 5.08227e+2, 5.46291e-2, 3.27596e+1, 1.07695e-2, 3.29783e+1, 1.91958e-2, 3.33159e+0, 3.43458e-4, 3.49219e+0, 5.34538e-4, 2.00000e+1, 0.00000e+0, 5.00000e+0, 0.00000e+0, 3, -1, Disabled
07/19/2023 14:23:27.635, 07/19/2023 14:23:27.578, 3.09586e+0, 3.49019e-3, -5.96070e+1, 5.14778e-1, 1.99996e+0, 1.51860e-3, 2.42938e+4, 1.80984e+2, 3.85883e+2, 4.24312e-1, 2.04975e+0, 1.46138e-3, 3.95491e+2, 4.37084e-1, 5.08213e+2, 3.92588e-2, 3.27563e+1, 1.35170e-2, 3.30100e+1, 1.32328e-2, 3.33143e+0, 5.20689e-4, 3.49263e+0, 6.95367e-4, 2.00000e+1, 0.00000e+0, 5.00000e+0, 0.00000e+0, 3, -1, Disabled
07/19/2023 14:23:37.583, 07/19/2023 14:23:37.524, 3.09166e+0, 3.02927e-3, -6.02266e+1, 4.46795e-1, 2.00022e+0, 1.11451e-3, 2.44914e+4, 1.66660e+2, 3.85739e+2, 6.62486e-1, 2.05043e+0, 1.20611e-3, 3.95423e+2, 6.71805e-1, 5.08213e+2, 3.66617e-2, 3.27361e+1, 2.20721e-3, 3.30368e+1, 1.00627e-2, 3.33079e+0, 4.13104e-4, 3.49211e+0, 4.96560e-4, 2.00000e+1, 0.00000e+0, 5.00000e+0, 0.00000e+0, 3, -1, Disabled
07/19/2023 14:23:47.524, 07/19/2023 14:23:47.469, 3.09118e+0, 3.80030e-3, -6.02984e+1, 5.60516e-1, 2.00553e+0, 3.80080e-3, 2.35489e+4, 1.02083e+3, 3.85884e+2, 4.25995e-1, 2.05389e+0, 2.04049e-3, 3.95190e+2, 3.63945e-1, 5.08226e+2, 4.10051e-2, 3.27511e+1, 8.04601e-3, 3.30212e+1, 1.03474e-2, 3.33113e+0, 5.06191e-4, 3.49221e+0, 3.98773e-4, 2.00000e+1, 0.00000e+0, 5.00000e+0, 0.00000e+0, 3, -1, Disabled
07/19/2023 14:23:57.476, 07/19/2023 14:23:57.415, 3.07289e+0, 6.89693e-3, -6.29953e+1, 1.01725e+0, 2.00754e+0, 2.43998e-3, 2.18314e+4, 7.21400e+2, 3.87369e+2, 2.35844e+0, 2.05235e+0, 2.74757e-3, 3.96014e+2, 2.16069e+0, 5.08238e+2, 4.97720e-2, 3.27820e+1, 1.15609e-2, 3.30276e+1, 8.48974e-3, 3.33159e+0, 5.59495e-4, 3.49201e+0, 3.98812e-4, 2.00000e+1, 0.00000e+0, 5.00000e+0, 0.00000e+0, 3, -1, Disabled
07/19/2023 14:24:07.419, 07/19/2023 14:24:07.360, 3.06346e+0, 4.97060e-3, -6.43860e+1, 7.33127e-1, 2.00730e+0, 2.47696e-3, 2.05819e+4, 8.04601e+2, 3.90089e+2, 3.69994e-1, 2.04948e+0, 1.34615e-3, 3.98286e+2, 3.55550e-1, 5.08249e+2, 3.93951e-2, 3.28084e+1, 1.66409e-2, 3.30288e+1, 1.00843e-2, 3.33185e+0, 3.28686e-4, 3.49229e+0, 5.16774e-4, 2.00000e+1, 0.00000e+0, 5.00000e+0, 0.00000e+0, 3, -1, Disabled
07/19/2023 14:24:17.359, 07/19/2023 14:24:17.304, 3.06611e+0, 3.90594e-3, -6.39961e+1, 5.76097e-1, 2.00686e+0, 2.54117e-3, 2.03601e+4, 7.06142e+2, 3.89136e+2, 5.45421e-1, 2.04857e+0, 2.03517e-3, 3.97224e+2, 4.84100e-1, 5.08244e+2, 4.18177e-2, 3.28027e+1, 1.19525e-2, 3.30444e+1, 9.32749e-3, 3.33202e+0, 3.96084e-4, 3.49261e+0, 4.72060e-4, 2.00000e+1, 0.00000e+0, 5.00000e+0, 0.00000e+0, 3, -1, Disabled
07/19/2023 14:24:27.308, 07/19/2023 14:24:27.250, 3.05682e+0, 5.52317e-3, -6.53657e+1, 8.14626e-1, 2.00626e+0, 3.14606e-3, 2.17686e+4, 5.71386e+2, 3.89497e+2, 1.08908e+0, 2.05090e+0, 2.33513e-3, 3.98165e+2, 1.23600e+0, 5.08238e+2, 4.78310e-2, 3.28153e+1, 1.19817e-2, 3.30654e+1, 7.29469e-3, 3.33207e+0, 5.11370e-4, 3.49312e+0, 3.23180e-4, 2.00000e+1, 0.00000e+0, 5.00000e+0, 0.00000e+0, 3, -1, Disabled
07/19/2023 14:24:37.254, 07/19/2023 14:24:37.195, 3.04836e+0, 5.87717e-3, -6.66143e+1, 8.66840e-1, 2.00392e+0, 2.66988e-3, 2.21972e+4, 6.01130e+2, 3.88184e+2, 4.90904e-1, 2.04941e+0, 1.81976e-3, 3.96996e+2, 2.98090e-1, 5.08234e+2, 4.45728e-2, 3.28261e+1, 1.47619e-2, 3.30848e+1, 6.07564e-3, 3.33231e+0, 4.19311e-4, 3.49339e+0, 5.00858e-4, 2.00000e+1, 0.00000e+0, 5.00000e+0, 0.00000e+0, 3, -1, Disabled
07/19/2023 14:24:47.196, 07/19/2023 14:24:47.140, 3.04006e+0, 5.71612e-3, -6.78383e+1, 8.43085e-1, 2.00170e+0, 1.14449e-3, 2.33614e+4, 1.55340e+2, 3.86863e+2, 3.95212e-1, 2.04958e+0, 9.53264e-4, 3.96117e+2, 3.73794e-1, 5.08233e+2, 3.07159e-2, 3.28159e+1, 1.25179e-2, 3.30800e+1, 9.02415e-3, 3.33222e+0, 2.03033e-4, 3.49333e+0, 6.12545e-4, 2.00000e+1, 0.00000e+0, 5.00000e+0, 0.00000e+0, 3, -1, Disabled
07/19/2023 14:24:57.150, 07/19/2023 14:24:57.086, 3.03226e+0, 4.25946e-3, -6.89879e+1, 6.28239e-1, 2.00878e+0, 3.99145e-3, 2.07301e+4, 1.67075e+3, 4.89715e+2, 1.89104e+2, 2.05131e+0, 1.46584e-3, 4.99969e+2, 1.92654e+2, 5.08178e+2, 1.49345e-1, 3.28345e+1, 6.52208e-3, 3.30812e+1, 8.15771e-3, 3.33215e+0, 6.93807e-4, 3.49349e+0, 8.04491e-4, 2.00000e+1, 0.00000e+0, 5.00000e+0, 0.00000e+0, 3, -1, Disabled
07/19/2023 14:25:07.089, 07/19/2023 14:25:07.031, 3.02777e+0, 3.41589e-3, -6.96509e+1, 5.03818e-1, 2.00331e+0, 5.20830e-3, 2.17067e+4, 1.62402e+3, 3.98396e+2, 2.53937e+1, 2.04775e+0, 2.24725e-3, 4.07216e+2, 2.55436e+1, 5.08278e+2, 3.22972e-1, 3.28275e+1, 1.29801e-2, 3.31010e+1, 1.10974e-2, 3.33227e+0, 3.62252e-4, 3.49378e+0, 4.05404e-4, 2.00000e+1, 0.00000e+0, 5.00000e+0, 0.00000e+0, 3, -1, Disabled
07/19/2023 14:25:17.037, 07/19/2023 14:25:16.976, 3.02461e+0, 3.88778e-3, -7.01161e+1, 5.73418e-1, 1.98843e+0, 4.41053e-3, 2.78266e+4, 1.09436e+3, 6.24822e+2, 1.98110e+2, 2.04535e+0, 2.62591e-3, 6.42826e+2, 2.04336e+2, 5.08260e+2, 4.64638e-2, 3.28309e+1, 4.79842e-3, 3.31192e+1, 1.14268e-2, 3.33123e+0, 9.32523e-4, 3.49273e+0, 9.12704e-4, 2.00000e+1, 0.00000e+0, 5.00000e+0, 0.00000e+0, 3, -1, Disabled
07/19/2023 14:25:26.981, 07/19/2023 14:25:26.922, 3.01403e+0, 5.92981e-3, -7.16771e+1, 8.74603e-1, 1.99575e+0, 1.18534e-3, 2.67362e+4, 1.85574e+2, 5.83793e+2, 8.30312e+0, 2.05058e+0, 1.04198e-3, 5.99829e+2, 8.42727e+0, 5.08248e+2, 4.61643e-2, 3.28106e+1, 3.77883e-3, 3.31390e+1, 1.04850e-2, 3.33149e+0, 3.97453e-4, 3.49378e+0, 6.04442e-4, 2.00000e+1, 0.00000e+0, 5.00000e+0, 0.00000e+0, 3, -1, Disabled
07/19/2023 14:25:36.921, 07/19/2023 14:25:36.867, 3.00633e+0, 4.85127e-3, -7.28130e+1, 7.15526e-1, 1.99425e+0, 1.52162e-3, 2.73367e+4, 1.96705e+2, 5.89291e+2, 7.75736e+0, 2.05030e+0, 1.47534e-3, 6.05854e+2, 8.06873e+0, 5.08232e+2, 6.21239e-2, 3.28156e+1, 6.16509e-3, 3.31632e+1, 1.04395e-2, 3.33158e+0, 5.02400e-4, 3.49306e+0, 3.10639e-4, 2.00000e+1, 0.00000e+0, 5.00000e+0, 0.00000e+0, 3, -1, Disabled
07/19/2023 14:25:46.870, 07/19/2023 14:25:46.812, 3.00221e+0, 7.80824e-3, -7.34204e+1, 1.15166e+0, 1.99463e+0, 1.24813e-3, 2.76709e+4, 5.97682e+1, 6.22113e+2, 1.19687e+1, 2.05139e+0, 1.29160e-3, 6.39818e+2, 1.23364e+1, 5.08237e+2, 2.83440e-2, 3.28442e+1, 1.20970e-2, 3.31838e+1, 1.33135e-2, 3.33143e+0, 2.77809e-4, 3.49339e+0, 5.06300e-4, 2.00000e+1, 0.00000e+0, 5.00000e+0, 0.00000e+0, 3, -1, Disabled
07/19/2023 14:25:56.817, 07/19/2023 14:25:56.758, 2.98821e+0, 4.53557e-3, -7.54845e+1, 6.68963e-1, 1.99630e+0, 1.47630e-3, 2.80096e+4, 1.05015e+2, 6.57471e+2, 9.81720e+0, 2.05382e+0, 1.48320e-3, 6.76418e+2, 1.01689e+1, 5.08240e+2, 5.01183e-2, 3.28983e+1, 5.10193e-2, 3.32021e+1, 1.09200e-2, 3.33129e+0, 4.40667e-4, 3.49346e+0, 6.62807e-4, 2.00000e+1, 0.00000e+0, 5.00000e+0, 0.00000e+0, 3, -1, Disabled
07/19/2023 14:26:06.765, 07/19/2023 14:26:06.703, 2.97585e+0, 6.55926e-3, -7.73078e+1, 9.67443e-1, 1.99660e+0, 1.05068e-3, 2.82967e+4, 9.34719e+1, 6.88456e+2, 9.26315e+0, 2.05474e+0, 1.13107e-3, 7.08505e+2, 9.59482e+0, 5.08227e+2, 6.38050e-2, 3.28877e+1, 2.23234e-2, 3.32265e+1, 8.90910e-3, 3.33096e+0, 3.58212e-4, 3.49312e+0, 3.82911e-4, 2.00000e+1, 0.00000e+0, 5.00000e+0, 0.00000e+0, 3, -1, Disabled
07/19/2023 14:26:16.707, 07/19/2023 14:26:16.648, 2.96707e+0, 4.88146e-3, -7.86036e+1, 7.19979e-1, 1.99731e+0, 1.11216e-3, 2.85406e+4, 4.59113e+1, 7.18110e+2, 8.89639e+0, 2.05599e+0, 1.08732e-3, 7.39207e+2, 9.16516e+0, 5.08231e+2, 6.44160e-2, 3.28943e+1, 1.41244e-2, 3.32303e+1, 1.07314e-2, 3.33071e+0, 3.83586e-4, 3.49278e+0, 5.85359e-4, 2.00000e+1, 0.00000e+0, 5.00000e+0, 0.00000e+0, 3, -1, Disabled
07/19/2023 14:26:26.652, 07/19/2023 14:26:26.593, 2.94780e+0, 4.55033e-3, -8.14453e+1, 6.71140e-1, 1.99831e+0, 9.00463e-4, 2.86776e+4, 6.07355e+1, 7.46269e+2, 8.38750e+0, 2.05731e+0, 8.89977e-4, 7.68302e+2, 8.65999e+0, 5.08236e+2, 4.33391e-2, 3.29240e+1, 2.67631e-2, 3.32401e+1, 9.94631e-3, 3.33014e+0, 3.75146e-4, 3.49222e+0, 6.09034e-4, 2.00000e+1, 0.00000e+0, 5.00000e+0, 0.00000e+0, 3, -1, Disabled
07/19/2023 14:26:36.595, 07/19/2023 14:26:36.540, 2.93686e+0, 6.09951e-3, -8.30590e+1, 8.99633e-1, 1.99905e+0, 1.13442e-3, 2.88443e+4, 9.81298e+1, 7.72640e+2, 7.66365e+0, 2.05843e+0, 1.30523e-3, 7.95588e+2, 7.94422e+0, 5.08241e+2, 2.32550e-2, 3.29173e+1, 1.66133e-2, 3.32460e+1, 8.77266e-3, 3.32968e+0, 2.54328e-4, 3.49211e+0, 4.12365e-4, 2.00000e+1, 0.00000e+0, 5.00000e+0, 0.00000e+0, 3, -1, Disabled
07/19/2023 14:26:46.539, 07/19/2023 14:26:46.485, 2.92782e+0, 5.93300e-3, -8.43922e+1, 8.75073e-1, 1.99904e+0, 1.42415e-3, 2.90516e+4, 9.27456e+1, 7.97308e+2, 7.47288e+0, 2.05885e+0, 1.56904e-3, 8.21164e+2, 7.73689e+0, 5.08231e+2, 2.27453e-2, 3.29050e+1, 1.20376e-2, 3.32624e+1, 1.26062e-2, 3.32976e+0, 4.98079e-4, 3.49204e+0, 5.59256e-4, 2.00000e+1, 0.00000e+0, 5.00000e+0, 0.00000e+0, 3, -1, Disabled
