SN:3K60180500001585 BD:Jul 23 2018 VC:834b9c1 MD5:48f99e4865ed8b810be1bb0eaaabf929
SysTime,                      Time,         Batt_v,      Batt_v_sd,   BATT_PERCENT,BATT_PERCENT_sd,      [CH4]_ppm,   [CH4]_ppm_sd,      [H2O]_ppm,   [H2O]_ppm_sd,     [H2Oa]_ppm,  [H2Oa]_ppm_sd,      [CO2]_ppm,   [CO2]_ppm_sd,     [CH4]d_ppm,  [CH4]d_ppm_sd,     [CO2]d_ppm,  [CO2]d_ppm_sd,      GasP_torr,   GasP_torr_sd,         GasT_C,      GasT_C_sd,         AmbT_C,      AmbT_C_sd,         RD0_us,      RD0_us_sd,         RD1_us,      RD1_us_sd, Temp_Status_mA,Temp_Status_mA_sd,Analyzer_Status_mA,Analyzer_Status_mA_sd,       Fit_Flag,      MIU_VALVE,       MIU_DESC
10/04/2022 12:31:06.645, 10/04/2022 12:31:06.595, 4.00643e+0, 0.00000e+0, 4.79237e+1, 0.00000e+0, 1.97210e+0, 0.00000e+0, 4.14767e+3, 0.00000e+0, 1.34073e+4, 0.00000e+0, 6.75401e+2, 0.00000e+0, 9.90157e-1, 0.00000e+0, 3.39107e+2, 0.00000e+0, 5.07226e+2, 0.00000e+0, 2.22654e+1, 0.00000e+0, 2.55574e+1, 0.00000e+0, 3.72412e+0, 0.00000e+0, 3.03528e+0, 0.00000e+0, 2.00000e+1, 0.00000e+0, 1.70000e+1, 0.00000e+0, 2, -1, Disabled
10/04/2022 12:31:11.617, 10/04/2022 12:31:11.568, 4.00641e+0, 5.75033e-4, 9.58470e+1, 1.37568e-2, 1.97129e+0, 4.04979e-3, 5.35532e+3, 4.28575e+2, 1.36280e+4, 1.65268e+2, 6.59862e+2, 1.28291e+1, 1.98190e+0, 3.35037e-3, 6.63410e+2, 1.26319e+1, 5.07248e+2, 2.23115e-2, 2.22797e+1, 7.84264e-3, 2.55146e+1, 3.23211e-2, 3.72356e+0, 7.41760e-4, 3.03549e+0, 4.50878e-4, 2.00000e+1, 0.00000e+0, 1.70000e+1, 0.00000e+0, 2, -1, Disabled
10/04/2022 12:31:16.590, 10/04/2022 12:31:16.540, 4.00626e+0, 4.39846e-4, 9.58435e+1, 1.05226e-2, 1.96557e+0, 3.41930e-3, 6.74040e+3, 5.23315e+2, 1.36636e+4, 1.63661e+2, 6.40423e+2, 1.35239e+0, 1.97891e+0, 4.01830e-3, 6.44769e+2, 1.67405e+0, 5.07246e+2, 1.47589e-2, 2.22784e+1, 1.35511e-2, 2.54549e+1, 4.13968e-2, 3.72347e+0, 6.16451e-4, 3.03572e+0, 5.98140e-4, 2.00000e+1, 0.00000e+0, 1.70000e+1, 0.00000e+0, 2, -1, Disabled
10/04/2022 12:31:21.566, 10/04/2022 12:31:21.513, 4.00681e+0, 1.15962e-4, 9.58568e+1, 2.77422e-3, 1.96794e+0, 5.80385e-3, 6.81364e+3, 2.72621e+2, 1.37902e+4, 1.30950e+2, 6.39848e+2, 2.55731e+0, 1.98144e+0, 5.95792e-3, 6.44238e+2, 2.67902e+0, 5.07238e+2, 5.14181e-2, 2.22899e+1, 2.17023e-2, 2.54326e+1, 2.04773e-2, 3.72267e+0, 4.25540e-4, 3.03664e+0, 3.63347e-4, 2.00000e+1, 0.00000e+0, 1.70000e+1, 0.00000e+0, 3, -1, Disabled
10/04/2022 12:31:26.545, 10/04/2022 12:31:26.486, 4.00735e+0, 5.72534e-4, 9.58697e+1, 1.36970e-2, 1.96500e+0, 5.86183e-3, 7.39745e+3, 2.29768e+2, 1.37972e+4, 1.49978e+2, 6.31519e+2, 1.14291e+1, 1.97965e+0, 5.54192e-3, 6.36223e+2, 1.13836e+1, 5.07235e+2, 1.02928e-2, 2.23518e+1, 5.23107e-2, 2.54070e+1, 1.42690e-2, 3.72285e+0, 4.37132e-4, 3.03736e+0, 2.46576e-4, 2.00000e+1, 0.00000e+0, 1.70000e+1, 0.00000e+0, 3, -1, Disabled
10/04/2022 12:31:31.503, 10/04/2022 12:31:31.458, 4.00788e+0, 2.85201e-4, 9.58822e+1, 6.82299e-3, 1.96023e+0, 3.84186e-3, 8.68012e+3, 8.67270e+2, 1.37655e+4, 1.11220e+2, 6.11953e+2, 3.30473e+0, 1.97739e+0, 5.11142e-3, 6.17310e+2, 2.93626e+0, 5.07214e+2, 1.52444e-2, 2.22910e+1, 2.15333e-2, 2.54175e+1, 2.17975e-2, 3.72255e+0, 8.03886e-4, 3.03802e+0, 3.64284e-4, 2.00000e+1, 0.00000e+0, 1.70000e+1, 0.00000e+0, 3, -1, Disabled
10/04/2022 12:31:36.478, 10/04/2022 12:31:36.431, 4.00840e+0, 4.00571e-4, 9.58947e+1, 9.58304e-3, 1.96024e+0, 3.75910e-3, 9.99407e+3, 6.94719e+1, 1.40120e+4, 1.58552e+2, 6.06915e+2, 5.07975e+0, 1.98003e+0, 3.85212e-3, 6.13042e+2, 5.13322e+0, 5.07207e+2, 3.01145e-2, 2.22718e+1, 2.61249e-2, 2.53752e+1, 3.57948e-2, 3.72189e+0, 3.07303e-4, 3.03882e+0, 5.47363e-4, 2.00000e+1, 0.00000e+0, 1.70000e+1, 0.00000e+0, 3, -1, Disabled
10/04/2022 12:31:41.460, 10/04/2022 12:31:41.405, 4.00896e+0, 4.64490e-4, 9.59082e+1, 1.11122e-2, 1.96209e+0, 1.08224e-3, 1.04571e+4, 1.80775e+2, 1.39470e+4, 7.09628e+1, 5.88163e+2, 5.04667e+1, 1.98283e+0, 8.26048e-4, 5.94380e+2, 5.10178e+1, 5.07216e+2, 5.21317e-2, 2.22756e+1, 1.13470e-2, 2.53464e+1, 3.45558e-2, 3.72239e+0, 4.01072e-4, 3.03881e+0, 1.20733e-3, 2.00000e+1, 0.00000e+0, 1.60000e+1, 2.23607e+0, 3, -1, Disabled
10/04/2022 12:31:46.431, 10/04/2022 12:31:46.377, 4.00986e+0, 3.82588e-4, 9.59296e+1, 9.15283e-3, 1.95757e+0, 2.07465e-3, 1.08257e+4, 1.38583e+2, 1.41007e+4, 1.19327e+2, 5.99203e+2, 4.92444e+0, 1.97899e+0, 2.00225e-3, 6.05760e+2, 4.95838e+0, 5.07195e+2, 2.88489e-2, 2.22729e+1, 1.54681e-2, 2.53241e+1, 1.02516e-2, 3.72257e+0, 4.99206e-4, 3.03649e+0, 8.89097e-4, 2.00000e+1, 0.00000e+0, 1.70000e+1, 0.00000e+0, 3, -1, Disabled
10/04/2022 12:31:51.401, 10/04/2022 12:31:51.349, 4.01033e+0, 1.73573e-4, 9.59409e+1, 4.15247e-3, 1.95700e+0, 3.72387e-3, 1.09121e+4, 1.46910e+2, 1.38961e+4, 1.04230e+2, 5.87076e+2, 5.57961e+0, 1.97859e+0, 3.94242e-3, 5.93553e+2, 5.60646e+0, 5.07202e+2, 9.92180e-3, 2.22756e+1, 9.75674e-3, 2.52866e+1, 1.48625e-2, 3.72174e+0, 4.01322e-4, 3.03611e+0, 3.65620e-4, 2.00000e+1, 0.00000e+0, 1.70000e+1, 0.00000e+0, 3, -1, Disabled
10/04/2022 12:31:56.380, 10/04/2022 12:31:56.322, 4.01092e+0, 3.23561e-4, 9.59549e+1, 7.74069e-3, 1.95228e+0, 4.25660e-3, 1.10537e+4, 1.93869e+2, 1.38994e+4, 1.26018e+2, 5.71738e+2, 3.64601e+0, 1.97410e+0, 4.53561e-3, 5.78129e+2, 3.72622e+0, 5.07210e+2, 2.51350e-2, 2.22613e+1, 1.32239e-2, 2.52493e+1, 1.72445e-2, 3.72159e+0, 4.66312e-4, 3.03563e+0, 3.44367e-4, 2.00000e+1, 0.00000e+0, 1.70000e+1, 0.00000e+0, 3, -1, Disabled
10/04/2022 12:32:01.349, 10/04/2022 12:32:01.296, 4.01213e+0, 3.89943e-4, 9.59839e+1, 9.32877e-3, 1.95212e+0, 2.66954e-3, 1.13516e+4, 8.44299e+1, 1.38966e+4, 3.03150e+1, 5.73279e+2, 9.97444e-1, 1.97454e+0, 2.74191e-3, 5.79862e+2, 1.02928e+0, 5.07202e+2, 1.65256e-2, 2.22585e+1, 1.39235e-2, 2.52405e+1, 7.85302e-3, 3.72212e+0, 4.20519e-4, 3.03532e+0, 4.62221e-4, 2.00000e+1, 0.00000e+0, 1.70000e+1, 0.00000e+0, 3, -1, Disabled
10/04/2022 12:32:06.352, 10/04/2022 12:32:06.268, 4.01305e+0, 3.71812e-4, 9.60060e+1, 8.89502e-3, 1.95174e+0, 2.41106e-3, 1.11481e+4, 1.81411e+2, 1.38127e+4, 1.52770e+2, 5.68247e+2, 8.07757e+0, 1.97374e+0, 2.32925e-3, 5.74653e+2, 8.13510e+0, 5.07178e+2, 3.31714e-2, 2.22606e+1, 8.22223e-3, 2.52325e+1, 2.67273e-2, 3.72177e+0, 7.14729e-4, 3.03524e+0, 3.37734e-4, 2.00000e+1, 0.00000e+0, 1.70000e+1, 0.00000e+0, 3, -1, Disabled
10/04/2022 12:32:11.289, 10/04/2022 12:32:11.240, 4.01390e+0, 3.26545e-4, 9.60264e+1, 7.81208e-3, 1.94663e+0, 1.18597e-3, 1.12626e+4, 2.39127e+2, 1.38967e+4, 1.65025e+2, 5.49258e+2, 3.96193e+0, 1.96881e+0, 1.44013e-3, 5.55514e+2, 3.90236e+0, 5.07187e+2, 2.06793e-2, 2.22288e+1, 8.75139e-3, 2.52259e+1, 1.52273e-2, 3.72164e+0, 7.70311e-4, 3.03503e+0, 5.68391e-4, 2.00000e+1, 0.00000e+0, 1.70000e+1, 0.00000e+0, 3, -1, Disabled
10/04/2022 12:32:16.269, 10/04/2022 12:32:16.214, 4.01459e+0, 2.36392e-4, 9.60429e+1, 5.65532e-3, 1.94644e+0, 1.82853e-3, 1.14936e+4, 1.81691e+2, 1.40347e+4, 1.44349e+2, 5.45921e+2, 3.16726e+0, 1.96907e+0, 1.96594e-3, 5.52269e+2, 3.22160e+0, 5.07178e+2, 2.40034e-2, 2.22118e+1, 1.28377e-2, 2.52196e+1, 1.40972e-2, 3.72156e+0, 8.12094e-4, 3.03484e+0, 3.75059e-4, 2.00000e+1, 0.00000e+0, 1.70000e+1, 0.00000e+0, 3, -1, Disabled
10/04/2022 12:32:21.239, 10/04/2022 12:32:21.185, 4.01601e+0, 3.71033e-4, 9.60768e+1, 8.87638e-3, 1.94358e+0, 2.66174e-3, 1.13111e+4, 5.16140e+1, 1.39238e+4, 1.16501e+2, 5.38339e+2, 1.90924e+0, 1.96581e+0, 2.69038e-3, 5.44498e+2, 1.93881e+0, 5.07192e+2, 3.11224e-2, 2.22037e+1, 1.47748e-2, 2.52316e+1, 2.70174e-2, 3.72135e+0, 3.14750e-4, 3.03476e+0, 3.63592e-4, 2.00000e+1, 0.00000e+0, 1.70000e+1, 0.00000e+0, 3, -1, Disabled
10/04/2022 12:32:26.208, 10/04/2022 12:32:26.158, 4.01727e+0, 5.50872e-4, 9.61070e+1, 1.31787e-2, 1.94293e+0, 2.33994e-3, 1.12568e+4, 1.57269e+2, 1.38413e+4, 1.85884e+2, 5.41586e+2, 1.38024e+0, 1.96505e+0, 2.36007e-3, 5.47752e+2, 1.45669e+0, 5.07165e+2, 1.58861e-2, 2.22030e+1, 1.86008e-2, 2.52222e+1, 1.20113e-2, 3.72174e+0, 2.70020e-4, 3.03432e+0, 3.50655e-4, 2.00000e+1, 0.00000e+0, 1.70000e+1, 0.00000e+0, 3, -1, Disabled
10/04/2022 12:32:31.185, 10/04/2022 12:32:31.132, 4.01812e+0, 2.23932e-4, 9.61273e+1, 5.35721e-3, 1.94326e+0, 3.84425e-3, 1.13934e+4, 2.34019e+2, 1.39303e+4, 1.61930e+2, 5.32397e+2, 4.30402e+0, 1.96566e+0, 3.85616e-3, 5.38533e+2, 4.31431e+0, 5.07154e+2, 1.33707e-2, 2.22058e+1, 4.80805e-3, 2.52340e+1, 1.11397e-2, 3.72110e+0, 3.95061e-4, 3.03415e+0, 5.35419e-4, 2.00000e+1, 0.00000e+0, 1.70000e+1, 0.00000e+0, 3, -1, Disabled
10/04/2022 12:32:36.149, 10/04/2022 12:32:36.104, 4.01711e+0, 1.31265e-3, 9.61031e+1, 3.14030e-2, 1.93749e+0, 4.05785e-3, 1.15947e+4, 2.10297e+2, 1.41014e+4, 1.90830e+2, 5.18733e+2, 7.48618e+0, 1.96022e+0, 4.28510e-3, 5.24819e+2, 7.60469e+0, 5.07161e+2, 4.26531e-2, 2.22069e+1, 3.79449e-3, 2.52198e+1, 9.10815e-3, 3.72092e+0, 3.96355e-4, 3.03422e+0, 4.64104e-4, 2.00000e+1, 0.00000e+0, 1.70000e+1, 0.00000e+0, 3, -1, Disabled
10/04/2022 12:32:41.125, 10/04/2022 12:32:41.076, 4.01697e+0, 8.21291e-4, 9.60998e+1, 1.96481e-2, 1.93306e+0, 2.26326e-3, 1.15277e+4, 2.44849e+2, 1.39432e+4, 2.42648e+2, 5.10046e+2, 3.43933e+0, 1.95561e+0, 1.98609e-3, 5.15994e+2, 3.47065e+0, 5.07153e+2, 1.98462e-2, 2.22351e+1, 1.94198e-2, 2.52058e+1, 2.17147e-2, 3.72077e+0, 4.23659e-4, 3.03388e+0, 3.22145e-4, 2.00000e+1, 0.00000e+0, 1.70000e+1, 0.00000e+0, 3, -1, Disabled
10/04/2022 12:32:46.105, 10/04/2022 12:32:46.049, 4.01836e+0, 4.37028e-4, 9.61331e+1, 1.04552e-2, 1.93525e+0, 2.20409e-3, 1.17232e+4, 1.74301e+2, 1.41361e+4, 1.97088e+2, 5.14849e+2, 1.68733e+0, 1.95821e+0, 2.39458e-3, 5.20956e+2, 1.71429e+0, 5.07146e+2, 3.55399e-2, 2.22220e+1, 1.57551e-2, 2.51945e+1, 6.34148e-3, 3.72099e+0, 4.80307e-4, 3.03371e+0, 2.89504e-4, 2.00000e+1, 0.00000e+0, 1.70000e+1, 0.00000e+0, 3, -1, Disabled
10/04/2022 12:32:51.073, 10/04/2022 12:32:51.022, 4.02024e+0, 9.83098e-4, 9.61779e+1, 2.35191e-2, 1.93836e+0, 1.99158e-3, 1.17224e+4, 7.23527e+1, 1.41678e+4, 1.26613e+2, 5.20876e+2, 1.78147e+0, 1.96135e+0, 2.06050e-3, 5.27055e+2, 1.79958e+0, 5.07137e+2, 3.78159e-2, 2.22457e+1, 2.20931e-2, 2.51938e+1, 1.60661e-2, 3.72104e+0, 8.79685e-4, 3.03362e+0, 3.63341e-4, 2.00000e+1, 0.00000e+0, 1.70000e+1, 0.00000e+0, 3, -1, Disabled
10/04/2022 12:32:56.050, 10/04/2022 12:32:55.994, 4.02302e+0, 1.26710e-3, 9.62446e+1, 3.03133e-2, 1.93962e+0, 2.26925e-3, 1.15844e+4, 1.14037e+2, 1.39755e+4, 2.39610e+2, 5.24177e+2, 1.84357e+0, 1.96235e+0, 2.41707e-3, 5.30321e+2, 1.84661e+0, 5.07150e+2, 4.33579e-2, 2.22422e+1, 2.33730e-2, 2.51864e+1, 2.39918e-2, 3.72118e+0, 7.25382e-4, 3.03347e+0, 3.07118e-4, 2.00000e+1, 0.00000e+0, 1.70000e+1, 0.00000e+0, 3, -1, Disabled
10/04/2022 12:33:01.020, 10/04/2022 12:33:00.968, 4.02622e+0, 4.30127e-4, 9.63211e+1, 1.02901e-2, 1.93882e+0, 3.09980e-3, 1.15511e+4, 1.01001e+2, 1.39618e+4, 1.57671e+1, 5.26367e+2, 1.32567e+0, 1.96148e+0, 2.99503e-3, 5.32519e+2, 1.32817e+0, 5.07144e+2, 4.52095e-2, 2.22354e+1, 3.49546e-2, 2.52040e+1, 1.63808e-2, 3.72143e+0, 1.73777e-4, 3.03362e+0, 3.54417e-4, 2.00000e+1, 0.00000e+0, 1.70000e+1, 0.00000e+0, 3, -1, Disabled
10/04/2022 12:33:05.992, 10/04/2022 12:33:05.940, 4.02507e+0, 2.22412e-3, 9.62935e+1, 5.32086e-2, 1.94053e+0, 1.37479e-3, 1.17865e+4, 7.48481e+1, 1.42388e+4, 1.30647e+2, 5.30784e+2, 1.80697e+0, 1.96368e+0, 1.44090e-3, 5.37115e+2, 1.86476e+0, 5.07119e+2, 4.03068e-2, 2.22489e+1, 2.34632e-2, 2.51990e+1, 1.43012e-2, 3.72112e+0, 6.00325e-4, 3.03359e+0, 3.56830e-4, 2.00000e+1, 0.00000e+0, 1.70000e+1, 0.00000e+0, 3, -1, Disabled
10/04/2022 12:33:10.968, 10/04/2022 12:33:10.912, 4.02400e+0, 1.20576e-3, 9.62680e+1, 2.88459e-2, 1.94354e+0, 2.38233e-3, 1.16878e+4, 1.74350e+2, 1.41362e+4, 1.79530e+2, 5.33083e+2, 1.15340e+0, 1.96653e+0, 2.42035e-3, 5.39387e+2, 1.09042e+0, 5.07109e+2, 1.54565e-2, 2.22307e+1, 7.58910e-3, 2.52030e+1, 8.52043e-3, 3.72081e+0, 3.16145e-4, 3.03303e+0, 4.10693e-4, 2.00000e+1, 0.00000e+0, 1.70000e+1, 0.00000e+0, 3, -1, Disabled
10/04/2022 12:33:15.938, 10/04/2022 12:33:15.885, 4.02452e+0, 1.44612e-3, 9.62803e+1, 3.45961e-2, 1.94315e+0, 3.74355e-3, 1.16971e+4, 1.68696e+2, 1.40528e+4, 2.66839e+2, 5.34982e+2, 1.09155e+0, 1.96615e+0, 3.87510e-3, 5.41313e+2, 1.08231e+0, 5.07116e+2, 3.08205e-2, 2.22316e+1, 2.17395e-2, 2.52036e+1, 1.37260e-2, 3.72125e+0, 3.98148e-4, 3.03330e+0, 1.28281e-4, 2.00000e+1, 0.00000e+0, 1.70000e+1, 0.00000e+0, 3, -1, Disabled
10/04/2022 12:33:20.911, 10/04/2022 12:33:20.859, 4.02452e+0, 1.52825e-3, 9.62804e+1, 3.65610e-2, 1.94074e+0, 1.38949e-3, 1.18074e+4, 1.62828e+2, 1.41446e+4, 1.15879e+2, 5.38130e+2, 2.07893e+0, 1.96392e+0, 1.35852e-3, 5.44560e+2, 2.14728e+0, 5.07113e+2, 2.77806e-2, 2.22148e+1, 1.23546e-2, 2.51962e+1, 2.14701e-2, 3.72071e+0, 4.70398e-4, 3.03312e+0, 6.98294e-4, 2.00000e+1, 0.00000e+0, 1.70000e+1, 0.00000e+0, 3, -1, Disabled
10/04/2022 12:33:25.887, 10/04/2022 12:33:25.830, 4.02403e+0, 1.62451e-3, 9.62687e+1, 3.88638e-2, 1.94163e+0, 1.76195e-3, 1.18576e+4, 1.93789e+2, 1.42594e+4, 1.17892e+2, 5.40486e+2, 1.20085e+0, 1.96493e+0, 1.43618e-3, 5.46972e+2, 1.20165e+0, 5.07099e+2, 3.23989e-2, 2.22198e+1, 2.33094e-3, 2.51821e+1, 2.99867e-2, 3.72107e+0, 7.61623e-4, 3.03305e+0, 3.44781e-4, 2.00000e+1, 0.00000e+0, 1.70000e+1, 0.00000e+0, 3, -1, Disabled
10/04/2022 12:33:30.854, 10/04/2022 12:33:30.804, 4.02383e+0, 5.21127e-4, 9.62638e+1, 1.24672e-2, 1.94139e+0, 2.18209e-3, 1.19535e+4, 1.15999e+2, 1.42988e+4, 7.36627e+1, 5.43578e+2, 1.75859e+0, 1.96487e+0, 2.39030e-3, 5.50154e+2, 1.79067e+0, 5.07115e+2, 2.27899e-2, 2.22199e+1, 7.45415e-3, 2.51806e+1, 1.31482e-2, 3.72053e+0, 4.07658e-4, 3.03319e+0, 1.63467e-4, 2.00000e+1, 0.00000e+0, 1.70000e+1, 0.00000e+0, 3, -1, Disabled
10/04/2022 12:33:35.832, 10/04/2022 12:33:35.776, 4.02907e+0, 2.24018e-3, 9.63892e+1, 5.35929e-2, 1.94692e+0, 1.65305e-3, 1.17869e+4, 4.85181e+1, 1.41157e+4, 1.12820e+2, 5.46246e+2, 3.76329e-1, 1.97014e+0, 1.67196e-3, 5.52762e+2, 3.90387e-1, 5.07113e+2, 3.45422e-2, 2.22133e+1, 1.98843e-2, 2.51821e+1, 1.53603e-2, 3.72106e+0, 2.41482e-4, 3.03300e+0, 2.38487e-4, 2.00000e+1, 0.00000e+0, 1.70000e+1, 0.00000e+0, 3, -1, Disabled
10/04/2022 12:33:40.799, 10/04/2022 12:33:40.749, 4.03203e+0, 1.12764e-3, 9.64600e+1, 2.69770e-2, 1.94592e+0, 3.54157e-3, 1.17843e+4, 1.22969e+2, 1.41138e+4, 1.82006e+2, 5.48940e+2, 3.45957e-1, 1.96913e+0, 3.45232e-3, 5.55486e+2, 2.93393e-1, 5.07088e+2, 2.85456e-2, 2.22177e+1, 1.19676e-2, 2.51988e+1, 1.88536e-2, 3.72106e+0, 3.12871e-4, 3.03303e+0, 3.45456e-4, 2.00000e+1, 0.00000e+0, 1.70000e+1, 0.00000e+0, 3, -1, Disabled
10/04/2022 12:33:45.778, 10/04/2022 12:33:45.721, 4.03130e+0, 7.15635e-4, 9.64426e+1, 1.71205e-2, 1.94796e+0, 2.30228e-3, 1.17197e+4, 1.80357e+2, 1.41440e+4, 1.18293e+2, 5.51244e+2, 8.68360e-1, 1.97106e+0, 2.17257e-3, 5.57781e+2, 7.98640e-1, 5.07091e+2, 2.94471e-2, 2.22128e+1, 9.83747e-3, 2.51979e+1, 1.25325e-2, 3.72055e+0, 3.70456e-4, 3.03287e+0, 4.59549e-4, 2.00000e+1, 0.00000e+0, 1.70000e+1, 0.00000e+0, 3, -1, Disabled
10/04/2022 12:33:50.755, 10/04/2022 12:33:50.694, 4.02970e+0, 4.09028e-3, 9.64042e+1, 9.78536e-2, 1.94605e+0, 2.24008e-3, 1.17738e+4, 1.92607e+2, 1.41118e+4, 1.60063e+2, 5.53919e+2, 1.24570e+0, 1.96924e+0, 1.93456e-3, 5.60518e+2, 1.20370e+0, 5.07091e+2, 3.95866e-2, 2.21995e+1, 1.08397e-2, 2.52220e+1, 2.23232e-2, 3.72096e+0, 7.36041e-4, 3.03283e+0, 3.25869e-4, 2.00000e+1, 0.00000e+0, 1.70000e+1, 0.00000e+0, 3, -1, Disabled
10/04/2022 12:33:55.715, 10/04/2022 12:33:55.666, 4.02579e+0, 9.70947e-4, 9.63108e+1, 2.32284e-2, 1.94849e+0, 3.06637e-3, 1.18238e+4, 2.24362e+2, 1.41004e+4, 1.40597e+2, 5.58024e+2, 8.53002e-1, 1.97181e+0, 3.40468e-3, 5.64701e+2, 8.61474e-1, 5.07075e+2, 5.65990e-2, 2.22300e+1, 1.60503e-2, 2.52277e+1, 1.72300e-2, 3.72067e+0, 5.56461e-4, 3.03286e+0, 5.21068e-4, 2.00000e+1, 0.00000e+0, 1.70000e+1, 0.00000e+0, 3, -1, Disabled
10/04/2022 12:34:00.706, 10/04/2022 12:34:00.640, 4.02360e+0, 1.76679e-4, 9.62583e+1, 4.22678e-3, 1.95097e+0, 2.01993e-3, 1.17027e+4, 2.43890e+2, 1.42077e+4, 2.66306e+2, 5.57832e+2, 1.00102e+0, 1.97408e+0, 2.15362e-3, 5.64438e+2, 1.12317e+0, 5.07087e+2, 4.47542e-2, 2.22047e+1, 2.65564e-2, 2.52476e+1, 2.03021e-2, 3.72092e+0, 7.17835e-4, 3.03303e+0, 4.59272e-4, 2.00000e+1, 0.00000e+0, 1.70000e+1, 0.00000e+0, 3, -1, Disabled
10/04/2022 12:34:05.668, 10/04/2022 12:34:05.614, 4.02378e+0, 5.57560e-4, 9.62626e+1, 1.33387e-2, 1.95018e+0, 1.23649e-3, 1.16867e+4, 9.31346e+1, 1.41426e+4, 1.01694e+2, 5.60595e+2, 7.64278e-1, 1.97324e+0, 1.28720e-3, 5.67224e+2, 7.91906e-1, 5.07086e+2, 3.03733e-2, 2.21855e+1, 1.57687e-2, 2.52538e+1, 1.65388e-2, 3.72017e+0, 3.74369e-4, 3.03256e+0, 3.18393e-4, 2.00000e+1, 0.00000e+0, 1.70000e+1, 0.00000e+0, 3, -1, Disabled
10/04/2022 12:34:10.637, 10/04/2022 12:34:10.586, 4.02432e+0, 1.04613e-3, 9.62756e+1, 2.50270e-2, 1.94730e+0, 2.10464e-3, 1.19426e+4, 1.80012e+2, 1.42129e+4, 1.65454e+2, 5.64329e+2, 2.62475e+0, 1.97083e+0, 2.28682e-3, 5.71150e+2, 2.64303e+0, 5.07090e+2, 5.37950e-2, 2.21726e+1, 1.43309e-3, 2.52578e+1, 1.48352e-2, 3.72073e+0, 8.08737e-4, 3.03281e+0, 3.19525e-4, 2.00000e+1, 0.00000e+0, 1.70000e+1, 0.00000e+0, 3, -1, Disabled
10/04/2022 12:34:15.615, 10/04/2022 12:34:15.558, 4.02713e+0, 8.11094e-4, 9.63428e+1, 1.94042e-2, 1.95005e+0, 1.55211e-3, 1.18243e+4, 1.05174e+2, 1.43358e+4, 1.46782e+2, 5.67300e+2, 9.98800e-1, 1.97339e+0, 1.71886e-3, 5.74088e+2, 9.94032e-1, 5.07080e+2, 5.70519e-2, 2.21856e+1, 1.31902e-2, 2.52563e+1, 2.53183e-2, 3.72081e+0, 8.21626e-4, 3.03262e+0, 5.10296e-4, 2.00000e+1, 0.00000e+0, 1.70000e+1, 0.00000e+0, 3, -1, Disabled
10/04/2022 12:34:20.580, 10/04/2022 12:34:20.530, 4.02709e+0, 1.06561e-3, 9.63418e+1, 2.54931e-2, 1.95002e+0, 2.18739e-3, 1.19072e+4, 1.18639e+2, 1.42673e+4, 1.21402e+2, 5.70048e+2, 1.08778e+0, 1.97352e+0, 2.26738e-3, 5.76918e+2, 1.14118e+0, 5.07073e+2, 4.51882e-2, 2.22202e+1, 2.33050e-2, 2.52623e+1, 1.64720e-2, 3.72056e+0, 4.25166e-4, 3.03237e+0, 5.04995e-4, 2.00000e+1, 0.00000e+0, 1.70000e+1, 0.00000e+0, 3, -1, Disabled
10/04/2022 12:34:25.554, 10/04/2022 12:34:25.503, 4.02749e+0, 8.23928e-4, 9.63513e+1, 1.97112e-2, 1.95298e+0, 2.34575e-3, 1.19722e+4, 2.28481e+2, 1.42645e+4, 1.33851e+2, 5.72115e+2, 1.39913e+0, 1.97665e+0, 2.30791e-3, 5.79047e+2, 1.47747e+0, 5.07071e+2, 2.38941e-2, 2.22099e+1, 1.00086e-2, 2.53019e+1, 2.58103e-2, 3.72015e+0, 3.63055e-4, 3.03232e+0, 5.56061e-4, 2.00000e+1, 0.00000e+0, 1.70000e+1, 0.00000e+0, 3, -1, Disabled
10/04/2022 12:34:30.541, 10/04/2022 12:34:30.477, 4.02592e+0, 1.13794e-4, 9.63138e+1, 2.72234e-3, 1.95337e+0, 4.70156e-3, 1.16167e+4, 1.12631e+2, 1.40673e+4, 1.77708e+2, 5.74879e+2, 1.50690e+0, 1.97632e+0, 4.60146e-3, 5.81636e+2, 1.48501e+0, 5.07084e+2, 4.34079e-2, 2.22365e+1, 2.70043e-2, 2.53049e+1, 2.21044e-2, 3.72014e+0, 2.43939e-4, 3.03216e+0, 1.38455e-4, 2.00000e+1, 0.00000e+0, 1.70000e+1, 0.00000e+0, 3, -1, Disabled
10/04/2022 12:34:35.502, 10/04/2022 12:34:35.448, 4.02612e+0, 4.96391e-4, 9.63188e+1, 1.18754e-2, 1.95266e+0, 3.83062e-3, 1.16806e+4, 1.78783e+2, 1.41709e+4, 1.49984e+2, 5.76922e+2, 1.26926e+0, 1.97574e+0, 3.96059e-3, 5.83740e+2, 1.27275e+0, 5.07087e+2, 3.11638e-2, 2.22016e+1, 1.93207e-2, 2.53168e+1, 1.79096e-2, 3.72014e+0, 5.23038e-4, 3.03225e+0, 3.49500e-4, 2.00000e+1, 0.00000e+0, 1.70000e+1, 0.00000e+0, 3, -1, Disabled
10/04/2022 12:34:40.479, 10/04/2022 12:34:40.421, 4.02643e+0, 1.01025e-3, 9.63262e+1, 2.41687e-2, 1.95541e+0, 1.63225e-3, 1.18947e+4, 1.92433e+2, 1.41845e+4, 1.90459e+2, 5.81233e+2, 1.08220e+0, 1.97895e+0, 1.85582e-3, 5.88230e+2, 1.14827e+0, 5.07039e+2, 4.57287e-2, 2.22035e+1, 1.19889e-2, 2.53239e+1, 2.89730e-2, 3.72010e+0, 4.93854e-4, 3.03206e+0, 6.27207e-4, 2.00000e+1, 0.00000e+0, 1.70000e+1, 0.00000e+0, 3, -1, Disabled
10/04/2022 12:34:45.446, 10/04/2022 12:34:45.394, 4.02796e+0, 5.59571e-4, 9.63626e+1, 1.33869e-2, 1.95457e+0, 3.25743e-3, 1.18477e+4, 6.85173e+1, 1.42173e+4, 1.10670e+2, 5.83844e+2, 6.74440e-1, 1.97801e+0, 3.19615e-3, 5.90844e+2, 6.94770e-1, 5.07069e+2, 4.23325e-2, 2.22272e+1, 1.89309e-2, 2.53334e+1, 2.28453e-2, 3.72005e+0, 4.92879e-4, 3.03209e+0, 2.63745e-4, 2.00000e+1, 0.00000e+0, 1.70000e+1, 0.00000e+0, 3, -1, Disabled
10/04/2022 12:34:50.420, 10/04/2022 12:34:50.367, 4.02822e+0, 9.65401e-5, 9.63688e+1, 2.30957e-3, 1.95659e+0, 2.36521e-3, 1.18175e+4, 2.07260e+2, 1.42428e+4, 2.22170e+2, 5.86296e+2, 1.39080e+0, 1.97999e+0, 2.65497e-3, 5.93308e+2, 1.46976e+0, 5.07035e+2, 5.35870e-2, 2.22007e+1, 3.19711e-3, 2.53082e+1, 3.37805e-2, 3.71991e+0, 4.08311e-4, 3.03182e+0, 2.46070e-4, 2.00000e+1, 0.00000e+0, 1.70000e+1, 0.00000e+0, 3, -1, Disabled
10/04/2022 12:34:55.393, 10/04/2022 12:34:55.339, 4.02946e+0, 5.77455e-4, 9.63985e+1, 1.38147e-2, 1.95674e+0, 1.43448e-3, 1.18918e+4, 2.18760e+2, 1.41840e+4, 1.46133e+2, 5.90530e+2, 1.68864e+0, 1.98029e+0, 1.26817e-3, 5.97637e+2, 1.80248e+0, 5.07046e+2, 3.14202e-2, 2.21891e+1, 2.37703e-2, 2.52866e+1, 1.90607e-2, 3.72034e+0, 4.42470e-4, 3.03210e+0, 6.99274e-4, 2.00000e+1, 0.00000e+0, 1.70000e+1, 0.00000e+0, 3, -1, Disabled
10/04/2022 12:35:00.369, 10/04/2022 12:35:00.312, 4.03054e+0, 4.94683e-4, 9.64244e+1, 1.18345e-2, 1.95844e+0, 2.12287e-3, 1.19611e+4, 1.47573e+2, 1.42827e+4, 1.06253e+2, 5.94297e+2, 1.26041e+0, 1.98215e+0, 1.99819e-3, 6.01492e+2, 1.27413e+0, 5.07008e+2, 4.45894e-2, 2.21994e+1, 1.47672e-3, 2.53265e+1, 2.48750e-2, 3.72032e+0, 1.03018e-4, 3.03174e+0, 5.08026e-4, 2.00000e+1, 0.00000e+0, 1.70000e+1, 0.00000e+0, 3, -1, Disabled
10/04/2022 12:35:05.339, 10/04/2022 12:35:05.284, 4.03152e+0, 1.01165e-3, 9.64479e+1, 2.42023e-2, 1.95978e+0, 2.06184e-3, 1.19265e+4, 1.72672e+2, 1.42610e+4, 1.30492e+2, 5.95549e+2, 1.57943e+0, 1.98344e+0, 2.37410e-3, 6.02737e+2, 1.67020e+0, 5.07029e+2, 5.38549e-2, 2.21985e+1, 1.23521e-3, 2.53308e+1, 1.57936e-2, 3.72002e+0, 4.17617e-4, 3.03160e+0, 2.65930e-4, 2.00000e+1, 0.00000e+0, 1.70000e+1, 0.00000e+0, 3, -1, Disabled
10/04/2022 12:35:10.319, 10/04/2022 12:35:10.258, 4.03271e+0, 1.08176e-3, 9.64762e+1, 2.58794e-2, 1.96061e+0, 2.69234e-3, 1.20112e+4, 1.53252e+2, 1.42952e+4, 1.77435e+2, 5.99137e+2, 1.04130e+0, 1.98445e+0, 2.70211e-3, 6.06421e+2, 1.06535e+0, 5.07028e+2, 4.96954e-2, 2.22008e+1, 1.84377e-2, 2.53392e+1, 3.25625e-2, 3.72024e+0, 4.90449e-4, 3.03182e+0, 2.96449e-4, 2.00000e+1, 0.00000e+0, 1.70000e+1, 0.00000e+0, 3, -1, Disabled
10/04/2022 12:35:15.281, 10/04/2022 12:35:15.230, 4.03038e+0, 1.22891e-3, 9.64205e+1, 2.93997e-2, 1.96162e+0, 2.12153e-3, 1.18237e+4, 1.20852e+2, 1.42474e+4, 1.66615e+2, 6.01964e+2, 1.38576e+0, 1.98509e+0, 2.26611e-3, 6.09167e+2, 1.39926e+0, 5.07023e+2, 4.96943e-2, 2.21941e+1, 1.14820e-2, 2.53423e+1, 2.26215e-2, 3.72038e+0, 5.86829e-4, 3.03179e+0, 3.92500e-4, 2.00000e+1, 0.00000e+0, 1.70000e+1, 0.00000e+0, 3, -1, Disabled
10/04/2022 12:35:20.255, 10/04/2022 12:35:20.204, 4.02769e+0, 4.67652e-4, 9.63563e+1, 1.11878e-2, 1.96112e+0, 1.73261e-3, 1.20150e+4, 1.46262e+2, 1.43058e+4, 2.10246e+2, 6.04673e+2, 1.27702e+0, 1.98497e+0, 1.85691e-3, 6.12027e+2, 1.33635e+0, 5.07031e+2, 4.30446e-2, 2.22081e+1, 1.44614e-2, 2.53514e+1, 1.62222e-2, 3.72074e+0, 1.08852e-3, 3.03159e+0, 4.80080e-4, 2.00000e+1, 0.00000e+0, 1.70000e+1, 0.00000e+0, 3, -1, Disabled
10/04/2022 12:35:25.228, 10/04/2022 12:35:25.176, 4.03026e+0, 7.13980e-4, 9.64178e+1, 1.70809e-2, 1.96350e+0, 2.31886e-3, 1.18868e+4, 3.19628e+1, 1.43370e+4, 8.51201e+1, 6.07037e+2, 7.23697e-1, 1.98712e+0, 2.35922e-3, 6.14340e+2, 7.31987e-1, 5.07013e+2, 1.79089e-2, 2.21922e+1, 2.66909e-3, 2.53389e+1, 1.30672e-2, 3.72020e+0, 8.91725e-4, 3.03165e+0, 2.38132e-4, 2.00000e+1, 0.00000e+0, 1.70000e+1, 0.00000e+0, 3, -1, Disabled
10/04/2022 12:35:30.197, 10/04/2022 12:35:30.148, 4.03000e+0, 1.22360e-3, 9.64116e+1, 2.92728e-2, 1.96214e+0, 2.98933e-3, 1.17100e+4, 2.07662e+2, 1.41436e+4, 1.70060e+2, 6.09117e+2, 1.38880e+0, 1.98539e+0, 3.06056e-3, 6.16334e+2, 1.36220e+0, 5.07024e+2, 3.04350e-2, 2.21908e+1, 2.59785e-2, 2.53236e+1, 1.89074e-2, 3.72002e+0, 4.04812e-4, 3.03142e+0, 3.70424e-4, 2.00000e+1, 0.00000e+0, 1.70000e+1, 0.00000e+0, 3, -1, Disabled
10/04/2022 12:35:35.186, 10/04/2022 12:35:35.128, 4.02980e+0, 9.57299e-4, 9.64068e+1, 2.29019e-2, 1.96420e+0, 2.52525e-3, 1.19716e+4, 1.54612e+2, 1.43111e+4, 1.78486e+2, 6.12110e+2, 3.23794e+0, 1.98800e+0, 2.41580e-3, 6.19526e+2, 3.21889e+0, 5.07044e+2, 5.28532e-2, 2.21785e+1, 2.70680e-3, 2.53615e+1, 3.13769e-2, 3.71997e+0, 4.04010e-4, 3.03155e+0, 4.84776e-4, 2.00000e+1, 0.00000e+0, 1.70000e+1, 0.00000e+0, 3, -1, Disabled
10/04/2022 12:35:40.155, 10/04/2022 12:35:40.101, 4.03261e+0, 1.17526e-3, 9.64738e+1, 2.81164e-2, 1.96540e+0, 2.41704e-3, 1.17196e+4, 1.95763e+2, 1.40903e+4, 7.44515e+1, 6.16177e+2, 1.24672e+0, 1.98871e+0, 2.79540e-3, 6.23484e+2, 1.32374e+0, 5.07010e+2, 4.38886e-2, 2.21652e+1, 4.85078e-3, 2.53455e+1, 2.18079e-2, 3.72000e+0, 2.01168e-4, 3.03152e+0, 2.13874e-4, 2.00000e+1, 0.00000e+0, 1.70000e+1, 0.00000e+0, 3, -1, Disabled
10/04/2022 12:35:45.130, 10/04/2022 12:35:45.073, 4.03307e+0, 8.07303e-4, 9.64849e+1, 1.93135e-2, 1.96624e+0, 2.34877e-3, 1.17545e+4, 6.72713e+1, 1.42344e+4, 6.45464e+1, 6.18458e+2, 1.04914e+0, 1.98962e+0, 2.35814e-3, 6.25814e+2, 1.05318e+0, 5.07054e+2, 4.18526e-2, 2.21561e+1, 1.39054e-2, 2.53606e+1, 2.29189e-2, 3.72021e+0, 3.03488e-4, 3.03157e+0, 2.59288e-4, 2.00000e+1, 0.00000e+0, 1.70000e+1, 0.00000e+0, 3, -1, Disabled
10/04/2022 12:35:50.100, 10/04/2022 12:35:50.052, 4.03420e+0, 5.51833e-4, 9.65120e+1, 1.32017e-2, 1.96588e+0, 3.57434e-3, 1.18057e+4, 2.70951e+2, 1.42302e+4, 2.84021e+2, 6.20940e+2, 9.70928e-1, 1.98937e+0, 3.77123e-3, 6.28358e+2, 9.16027e-1, 5.07030e+2, 4.20088e-2, 2.21447e+1, 7.34484e-4, 2.53476e+1, 2.75997e-2, 3.72032e+0, 6.03540e-4, 3.03140e+0, 3.96248e-4, 2.00000e+1, 0.00000e+0, 1.70000e+1, 0.00000e+0, 3, -1, Disabled
10/04/2022 12:35:55.079, 10/04/2022 12:35:55.025, 4.03322e+0, 7.20652e-4, 9.64884e+1, 1.72405e-2, 1.96805e+0, 3.11791e-3, 1.18665e+4, 1.39559e+2, 1.43054e+4, 1.10401e+2, 6.23817e+2, 1.55757e+0, 1.99169e+0, 3.31838e-3, 6.31308e+2, 1.54624e+0, 5.07029e+2, 5.56354e-2, 2.21471e+1, 2.34052e-3, 2.53494e+1, 3.11819e-2, 3.71974e+0, 3.26524e-4, 3.03148e+0, 3.15343e-4, 2.00000e+1, 0.00000e+0, 1.70000e+1, 0.00000e+0, 3, -1, Disabled
10/04/2022 12:36:00.047, 10/04/2022 12:35:59.999, 4.03387e+0, 3.83975e-4, 9.65040e+1, 9.18601e-3, 1.96720e+0, 2.82376e-3, 1.16422e+4, 1.34698e+2, 1.40475e+4, 2.06756e+2, 6.28148e+2, 1.81666e+0, 1.99037e+0, 2.72131e-3, 6.35547e+2, 1.80201e+0, 5.07027e+2, 3.76088e-2, 2.21536e+1, 8.36488e-3, 2.53328e+1, 2.03544e-2, 3.71997e+0, 4.73934e-4, 3.03126e+0, 3.12017e-4, 2.00000e+1, 0.00000e+0, 1.70000e+1, 0.00000e+0, 3, -1, Disabled
10/04/2022 12:36:05.019, 10/04/2022 12:36:04.971, 4.03673e+0, 1.62610e-3, 9.65724e+1, 3.89018e-2, 1.96813e+0, 2.31201e-3, 1.18508e+4, 1.20704e+2, 1.43222e+4, 1.24090e+2, 6.29879e+2, 2.10844e+0, 1.99173e+0, 2.42999e-3, 6.37433e+2, 2.11315e+0, 5.07020e+2, 7.09327e-2, 2.21705e+1, 6.44091e-3, 2.53278e+1, 2.09265e-2, 3.72017e+0, 6.38836e-4, 3.03153e+0, 3.64147e-4, 2.00000e+1, 0.00000e+0, 1.70000e+1, 0.00000e+0, 3, -1, Disabled
10/04/2022 12:36:10.009, 10/04/2022 12:36:09.943, 4.03612e+0, 2.31298e-3, 9.65579e+1, 5.53344e-2, 1.96979e+0, 1.63452e-3, 1.17210e+4, 2.87167e+2, 1.41880e+4, 2.02794e+2, 6.32782e+2, 1.88293e+0, 1.99315e+0, 1.34317e-3, 6.40287e+2, 1.89821e+0, 5.07031e+2, 7.62585e-2, 2.21953e+1, 1.41250e-2, 2.53531e+1, 3.46675e-2, 3.72002e+0, 8.03112e-4, 3.03138e+0, 2.30247e-4, 2.00000e+1, 0.00000e+0, 1.70000e+1, 0.00000e+0, 3, -1, Disabled
10/04/2022 12:36:14.964, 10/04/2022 12:36:14.915, 4.03923e+0, 1.56506e-3, 9.66324e+1, 3.74415e-2, 1.97195e+0, 1.50577e-3, 1.17738e+4, 1.70084e+2, 1.41628e+4, 1.14483e+2, 6.35687e+2, 1.27572e+0, 1.99545e+0, 1.20196e-3, 6.43261e+2, 1.23879e+0, 5.06986e+2, 5.54850e-2, 2.21775e+1, 1.33840e-2, 2.53512e+1, 3.59883e-2, 3.72028e+0, 3.79250e-4, 3.03146e+0, 2.16846e-4, 2.00000e+1, 0.00000e+0, 1.70000e+1, 0.00000e+0, 3, -1, Disabled
10/04/2022 12:36:19.956, 10/04/2022 12:36:19.888, 4.03691e+0, 1.51282e-3, 9.65767e+1, 3.61919e-2, 1.97293e+0, 3.73598e-3, 1.19499e+4, 1.97871e+2, 1.42816e+4, 1.46901e+2, 6.37035e+2, 1.51372e+0, 1.99679e+0, 3.76547e-3, 6.44740e+2, 1.61039e+0, 5.07032e+2, 5.38825e-2, 2.21932e+1, 2.07321e-3, 2.53815e+1, 3.51612e-2, 3.71979e+0, 7.85292e-4, 3.03185e+0, 3.80919e-4, 2.00000e+1, 0.00000e+0, 1.70000e+1, 0.00000e+0, 3, -1, Disabled
10/04/2022 12:36:24.929, 10/04/2022 12:36:24.862, 4.03967e+0, 1.59696e-3, 9.66428e+1, 3.82047e-2, 1.97103e+0, 2.07083e-3, 1.18582e+4, 9.30165e+1, 1.42254e+4, 1.44264e+2, 6.39919e+2, 1.13991e+0, 1.99468e+0, 1.96102e-3, 6.47599e+2, 1.14758e+0, 5.07020e+2, 3.01734e-2, 2.21975e+1, 2.23365e-3, 2.53676e+1, 9.63064e-3, 3.71975e+0, 4.66464e-4, 3.03117e+0, 3.86352e-4, 2.00000e+1, 0.00000e+0, 1.70000e+1, 0.00000e+0, 3, -1, Disabled
10/04/2022 12:36:29.888, 10/04/2022 12:36:29.833, 4.03853e+0, 2.66789e-3, 9.66156e+1, 6.38251e-2, 1.97439e+0, 2.05127e-3, 1.18537e+4, 1.69331e+2, 1.42110e+4, 1.90264e+2, 6.42911e+2, 7.97702e-1, 1.99807e+0, 2.32304e-3, 6.50623e+2, 7.42588e-1, 5.06990e+2, 7.70013e-2, 2.21856e+1, 1.63837e-2, 2.53834e+1, 2.27888e-2, 3.71962e+0, 8.68252e-4, 3.03128e+0, 2.43441e-4, 2.00000e+1, 0.00000e+0, 1.70000e+1, 0.00000e+0, 3, -1, Disabled
10/04/2022 12:36:34.857, 10/04/2022 12:36:34.808, 4.04008e+0, 2.55345e-3, 9.66526e+1, 6.10872e-2, 1.97412e+0, 5.92958e-3, 1.19284e+4, 3.11740e+2, 1.42788e+4, 2.81904e+2, 6.45404e+2, 1.26888e+0, 1.99795e+0, 6.51357e-3, 6.53195e+2, 1.42162e+0, 5.07010e+2, 7.58168e-2, 2.21840e+1, 1.77602e-2, 2.53581e+1, 4.17778e-2, 3.71940e+0, 6.29958e-4, 3.03136e+0, 1.49406e-4, 2.00000e+1, 0.00000e+0, 1.70000e+1, 0.00000e+0, 3, -1, Disabled
10/04/2022 12:36:39.834, 10/04/2022 12:36:39.779, 4.03961e+0, 1.08308e-3, 9.66414e+1, 2.59109e-2, 1.97581e+0, 1.26976e-3, 1.18583e+4, 1.07739e+2, 1.42428e+4, 8.93120e+1, 6.49312e+2, 1.37526e+0, 1.99953e+0, 1.30515e-3, 6.57104e+2, 1.44239e+0, 5.06999e+2, 3.08303e-2, 2.21936e+1, 1.10181e-3, 2.53234e+1, 1.70538e-2, 3.71982e+0, 4.49220e-4, 3.03180e+0, 3.32667e-4, 2.00000e+1, 0.00000e+0, 1.70000e+1, 0.00000e+0, 3, -1, Disabled
10/04/2022 12:36:44.805, 10/04/2022 12:36:44.752, 4.03971e+0, 6.64891e-4, 9.66437e+1, 1.59065e-2, 1.97680e+0, 2.10133e-3, 1.18262e+4, 2.25276e+2, 1.41971e+4, 1.47091e+2, 6.50519e+2, 1.67375e+0, 2.00046e+0, 2.05085e-3, 6.58304e+2, 1.64278e+0, 5.07019e+2, 3.84626e-2, 2.21920e+1, 1.91810e-3, 2.53368e+1, 3.72645e-2, 3.71975e+0, 4.54874e-4, 3.03095e+0, 2.58812e-4, 2.00000e+1, 0.00000e+0, 1.70000e+1, 0.00000e+0, 3, -1, Disabled
10/04/2022 12:36:49.776, 10/04/2022 12:36:49.724, 4.04359e+0, 9.67369e-4, 9.67365e+1, 2.31428e-2, 1.97528e+0, 2.31079e-3, 1.17777e+4, 1.46269e+2, 1.42099e+4, 1.85985e+2, 6.54567e+2, 1.80893e+0, 1.99883e+0, 2.38701e-3, 6.62368e+2, 1.84278e+0, 5.06972e+2, 7.81668e-2, 2.21690e+1, 1.05623e-2, 2.53300e+1, 2.16824e-2, 3.72009e+0, 5.78578e-4, 3.03140e+0, 3.77462e-4, 2.00000e+1, 0.00000e+0, 1.70000e+1, 0.00000e+0, 3, -1, Disabled
10/04/2022 12:36:54.750, 10/04/2022 12:36:54.698, 4.04045e+0, 1.55555e-3, 9.66615e+1, 3.72141e-2, 1.97723e+0, 2.32938e-3, 1.17084e+4, 1.40544e+2, 1.42154e+4, 1.40103e+2, 6.57408e+2, 1.08598e+0, 2.00066e+0, 2.16847e-3, 6.65196e+2, 1.10068e+0, 5.06983e+2, 7.44028e-2, 2.21927e+1, 2.11395e-3, 2.53590e+1, 2.89341e-2, 3.71996e+0, 2.23130e-4, 3.03132e+0, 4.70846e-4, 2.00000e+1, 0.00000e+0, 1.70000e+1, 0.00000e+0, 3, -1, Disabled
10/04/2022 12:36:59.726, 10/04/2022 12:36:59.670, 4.03792e+0, 9.89522e-4, 9.66009e+1, 2.36728e-2, 1.97813e+0, 2.27381e-3, 1.18883e+4, 5.72859e+1, 1.43588e+4, 1.60918e+2, 6.57714e+2, 1.13301e+0, 2.00193e+0, 2.38881e-3, 6.65627e+2, 1.14342e+0, 5.06968e+2, 3.77460e-2, 2.21945e+1, 8.09422e-3, 2.53573e+1, 2.01115e-2, 3.71985e+0, 5.62300e-4, 3.03134e+0, 3.66726e-4, 2.00000e+1, 0.00000e+0, 1.70000e+1, 0.00000e+0, 3, -1, Disabled
10/04/2022 12:37:04.694, 10/04/2022 12:37:04.643, 4.04024e+0, 2.26829e-3, 9.66565e+1, 5.42653e-2, 1.97789e+0, 1.15379e-3, 1.18535e+4, 2.05968e+2, 1.42322e+4, 2.56705e+2, 6.61149e+2, 1.36934e+0, 2.00162e+0, 8.60222e-4, 6.69080e+2, 1.41270e+0, 5.06992e+2, 5.40367e-2, 2.21961e+1, 1.80175e-2, 2.53630e+1, 2.02121e-2, 3.71989e+0, 6.11694e-4, 3.03120e+0, 3.15860e-4, 2.00000e+1, 0.00000e+0, 1.70000e+1, 0.00000e+0, 3, -1, Disabled
10/04/2022 12:37:09.674, 10/04/2022 12:37:09.616, 4.03832e+0, 1.34506e-3, 9.66104e+1, 3.21786e-2, 1.97909e+0, 1.09534e-3, 1.15956e+4, 2.00970e+2, 1.40958e+4, 1.90257e+2, 6.65016e+2, 1.43120e+0, 2.00230e+0, 1.13045e-3, 6.72818e+2, 1.54218e+0, 5.06960e+2, 4.93893e-2, 2.22156e+1, 2.64404e-2, 2.53560e+1, 2.34428e-2, 3.71993e+0, 4.97734e-4, 3.03120e+0, 3.46808e-4, 2.00000e+1, 0.00000e+0, 1.70000e+1, 0.00000e+0, 3, -1, Disabled
10/04/2022 12:37:14.651, 10/04/2022 12:37:14.596, 4.03816e+0, 1.58712e-3, 9.66067e+1, 3.79695e-2, 1.98048e+0, 4.37101e-3, 1.18684e+4, 1.94926e+2, 1.41877e+4, 1.42487e+2, 6.68461e+2, 7.23879e-1, 2.00427e+0, 4.63843e-3, 6.76490e+2, 7.77211e-1, 5.06979e+2, 8.68004e-2, 2.21970e+1, 1.49068e-2, 2.53506e+1, 3.04712e-2, 3.72003e+0, 2.72142e-4, 3.03118e+0, 4.20731e-4, 2.00000e+1, 0.00000e+0, 1.70000e+1, 0.00000e+0, 3, -1, Disabled
10/04/2022 12:37:19.613, 10/04/2022 12:37:19.568, 4.04137e+0, 1.03899e-3, 9.66834e+1, 2.48563e-2, 1.98123e+0, 1.83858e-3, 1.17554e+4, 1.82005e+2, 1.41633e+4, 1.15204e+2, 6.70748e+2, 1.94241e+0, 2.00480e+0, 1.88673e-3, 6.78727e+2, 2.01035e+0, 5.06963e+2, 5.99158e-2, 2.21829e+1, 1.35350e-2, 2.53282e+1, 2.15208e-2, 3.72017e+0, 5.27687e-4, 3.03118e+0, 1.45460e-4, 2.00000e+1, 0.00000e+0, 1.70000e+1, 0.00000e+0, 3, -1, Disabled
10/04/2022 12:37:24.594, 10/04/2022 12:37:24.541, 4.04186e+0, 1.38263e-3, 9.66951e+1, 3.30773e-2, 1.98108e+0, 4.14380e-3, 1.18690e+4, 1.28692e+2, 1.42371e+4, 1.45655e+2, 6.72266e+2, 1.20719e+0, 2.00487e+0, 4.11084e-3, 6.80341e+2, 1.30550e+0, 5.06992e+2, 3.92772e-2, 2.21573e+1, 9.94144e-3, 2.53488e+1, 2.16302e-2, 3.72007e+0, 4.88974e-4, 3.03099e+0, 3.82655e-4, 2.00000e+1, 0.00000e+0, 1.70000e+1, 0.00000e+0, 3, -1, Disabled
10/04/2022 12:37:29.564, 10/04/2022 12:37:29.513, 4.03951e+0, 1.27993e-3, 9.66391e+1, 3.06202e-2, 1.98223e+0, 3.04022e-3, 1.17758e+4, 1.06917e+2, 1.41646e+4, 1.81463e+2, 6.75168e+2, 1.60935e+0, 2.00585e+0, 2.93931e-3, 6.83214e+2, 1.64296e+0, 5.06967e+2, 6.36139e-2, 2.21573e+1, 1.04870e-2, 2.53474e+1, 2.95631e-2, 3.72024e+0, 6.79652e-4, 3.03119e+0, 6.40514e-4, 2.00000e+1, 0.00000e+0, 1.70000e+1, 0.00000e+0, 3, -1, Disabled
10/04/2022 12:37:34.539, 10/04/2022 12:37:34.487, 4.03841e+0, 8.85236e-4, 9.66128e+1, 2.11779e-2, 1.98373e+0, 1.99540e-3, 1.18438e+4, 2.52922e+2, 1.42440e+4, 2.50009e+2, 6.78721e+2, 1.89792e+0, 2.00751e+0, 2.49934e-3, 6.86856e+2, 1.99990e+0, 5.07007e+2, 3.59276e-2, 2.21618e+1, 7.68685e-3, 2.53691e+1, 3.00207e-2, 3.72029e+0, 1.89697e-4, 3.03108e+0, 2.51879e-4, 2.00000e+1, 0.00000e+0, 1.70000e+1, 0.00000e+0, 3, -1, Disabled
10/04/2022 12:37:39.513, 10/04/2022 12:37:39.458, 4.03729e+0, 9.96791e-4, 9.65859e+1, 2.38467e-2, 1.98079e+0, 1.08330e-3, 1.20166e+4, 1.14411e+2, 1.44058e+4, 6.58049e+1, 6.82329e+2, 9.56771e-1, 2.00488e+0, 1.13666e-3, 6.90628e+2, 9.49593e-1, 5.06961e+2, 5.45688e-2, 2.21699e+1, 9.54451e-3, 2.53629e+1, 1.83505e-2, 3.71968e+0, 4.14964e-4, 3.03120e+0, 3.46550e-4, 2.00000e+1, 0.00000e+0, 1.70000e+1, 0.00000e+0, 3, -1, Disabled
10/04/2022 12:37:44.481, 10/04/2022 12:37:44.432, 4.03731e+0, 3.27070e-4, 9.65864e+1, 7.82463e-3, 1.98220e+0, 1.82515e-3, 1.16802e+4, 1.72464e+2, 1.41302e+4, 1.89378e+2, 6.84890e+2, 1.41000e+0, 2.00563e+0, 1.80912e-3, 6.92984e+2, 1.42777e+0, 5.06990e+2, 4.44383e-2, 2.21935e+1, 9.89948e-3, 2.53889e+1, 2.35504e-2, 3.71989e+0, 5.98172e-4, 3.03106e+0, 2.98544e-4, 2.00000e+1, 0.00000e+0, 1.70000e+1, 0.00000e+0, 3, -1, Disabled
10/04/2022 12:37:49.454, 10/04/2022 12:37:49.404, 4.03645e+0, 4.92057e-4, 9.65657e+1, 1.17717e-2, 1.98585e+0, 2.02827e-3, 1.18223e+4, 1.38406e+2, 1.42650e+4, 1.47419e+2, 6.86974e+2, 9.03719e-1, 2.00960e+0, 1.93196e-3, 6.95193e+2, 9.20056e-1, 5.06994e+2, 4.04993e-2, 2.21942e+1, 1.71665e-2, 2.53936e+1, 3.85897e-2, 3.71965e+0, 5.84328e-4, 3.03110e+0, 2.77980e-4, 2.00000e+1, 0.00000e+0, 1.70000e+1, 0.00000e+0, 3, -1, Disabled
10/04/2022 12:37:54.427, 10/04/2022 12:37:54.377, 4.03815e+0, 8.48383e-4, 9.66064e+1, 2.02963e-2, 1.98622e+0, 2.55667e-3, 1.18085e+4, 2.61753e+2, 1.42418e+4, 1.41294e+2, 6.89269e+2, 1.44467e+0, 2.00995e+0, 2.61486e-3, 6.97506e+2, 1.37739e+0, 5.07011e+2, 7.65557e-2, 2.22196e+1, 4.08187e-2, 2.54280e+1, 2.54491e-2, 3.72007e+0, 6.19695e-4, 3.03110e+0, 4.25325e-4, 2.00000e+1, 0.00000e+0, 1.70000e+1, 0.00000e+0, 3, -1, Disabled
10/04/2022 12:37:59.413, 10/04/2022 12:37:59.350, 4.03998e+0, 1.64570e-3, 9.66501e+1, 3.93707e-2, 1.98703e+0, 1.71106e-3, 1.16882e+4, 1.11728e+2, 1.42058e+4, 1.56174e+2, 6.92550e+2, 2.11370e+0, 2.01053e+0, 1.65373e-3, 7.00740e+2, 2.10775e+0, 5.06963e+2, 4.75421e-2, 2.22128e+1, 1.37039e-2, 2.53913e+1, 1.07152e-2, 3.71953e+0, 2.77586e-4, 3.03117e+0, 1.92647e-4, 2.00000e+1, 0.00000e+0, 1.70000e+1, 0.00000e+0, 3, -1, Disabled
10/04/2022 12:38:04.368, 10/04/2022 12:38:04.321, 4.04387e+0, 9.33511e-4, 9.67433e+1, 2.23328e-2, 1.98724e+0, 3.14227e-3, 1.19001e+4, 1.24364e+2, 1.42661e+4, 5.53574e+1, 6.96106e+2, 7.62319e-1, 2.01117e+0, 3.07112e-3, 7.04490e+2, 7.00001e-1, 5.06991e+2, 2.60655e-2, 2.22150e+1, 2.29471e-2, 2.54222e+1, 2.07606e-2, 3.72033e+0, 2.51313e-4, 3.03114e+0, 2.33444e-4, 2.00000e+1, 0.00000e+0, 1.70000e+1, 0.00000e+0, 3, -1, Disabled
10/04/2022 12:38:09.342, 10/04/2022 12:38:09.294, 4.04368e+0, 1.89909e-3, 9.67388e+1, 4.54328e-2, 1.98586e+0, 1.97056e-3, 1.17852e+4, 1.08615e+2, 1.42613e+4, 8.83383e+1, 6.96950e+2, 1.29494e+0, 2.00955e+0, 1.82494e-3, 7.05261e+2, 1.26860e+0, 5.06954e+2, 7.90686e-2, 2.21964e+1, 1.89931e-2, 2.54207e+1, 1.73445e-2, 3.71965e+0, 6.12076e-4, 3.03135e+0, 4.34196e-4, 2.00000e+1, 0.00000e+0, 1.70000e+1, 0.00000e+0, 3, -1, Disabled
10/04/2022 12:38:14.319, 10/04/2022 12:38:14.267, 4.04122e+0, 1.75947e-3, 9.66798e+1, 4.20926e-2, 1.98847e+0, 1.64745e-3, 1.17700e+4, 2.35296e+2, 1.41550e+4, 2.57890e+2, 7.02178e+2, 6.39413e-1, 2.01215e+0, 1.87859e-3, 7.10541e+2, 4.83057e-1, 5.06991e+2, 5.03976e-2, 2.21943e+1, 1.76970e-3, 2.54526e+1, 2.71711e-2, 3.72009e+0, 3.52398e-4, 3.03097e+0, 1.12678e-4, 2.00000e+1, 0.00000e+0, 1.70000e+1, 0.00000e+0, 3, -1, Disabled
10/04/2022 12:38:19.292, 10/04/2022 12:38:19.240, 4.04169e+0, 9.02338e-4, 9.66911e+1, 2.15870e-2, 1.99039e+0, 2.77267e-3, 1.17711e+4, 9.26082e+1, 1.42302e+4, 7.15834e+1, 7.02682e+2, 1.07743e+0, 2.01410e+0, 2.77291e-3, 7.11052e+2, 1.07469e+0, 5.06969e+2, 3.53047e-2, 2.21967e+1, 1.63947e-3, 2.54404e+1, 3.04990e-2, 3.71976e+0, 5.21368e-4, 3.03137e+0, 2.08602e-4, 2.00000e+1, 0.00000e+0, 1.70000e+1, 0.00000e+0, 3, -1, Disabled
10/04/2022 12:38:24.266, 10/04/2022 12:38:24.214, 4.04277e+0, 2.07949e-3, 9.67170e+1, 4.97485e-2, 1.99296e+0, 3.43905e-3, 1.17403e+4, 1.43357e+2, 1.40820e+4, 1.29494e+2, 7.06120e+2, 2.25458e+0, 2.01663e+0, 3.37066e-3, 7.14509e+2, 2.33632e+0, 5.06951e+2, 3.21887e-2, 2.21837e+1, 1.45802e-2, 2.54489e+1, 2.84583e-2, 3.71972e+0, 5.85267e-4, 3.03103e+0, 2.62056e-4, 2.00000e+1, 0.00000e+0, 1.70000e+1, 0.00000e+0, 3, -1, Disabled
10/04/2022 12:38:29.240, 10/04/2022 12:38:29.185, 4.04481e+0, 3.11110e-4, 9.67658e+1, 7.44281e-3, 1.99051e+0, 1.62981e-3, 1.18718e+4, 3.35655e+2, 1.42391e+4, 2.59412e+2, 7.09507e+2, 1.64431e+0, 2.01443e+0, 2.08451e-3, 7.18031e+2, 1.74074e+0, 5.06966e+2, 6.03414e-2, 2.21850e+1, 1.53115e-2, 2.54533e+1, 1.82525e-2, 3.71998e+0, 3.03997e-4, 3.03135e+0, 2.87860e-4, 2.00000e+1, 0.00000e+0, 1.70000e+1, 0.00000e+0, 3, -1, Disabled
10/04/2022 12:38:34.204, 10/04/2022 12:38:34.159, 4.04321e+0, 2.06701e-3, 9.67275e+1, 4.94501e-2, 1.99301e+0, 4.04302e-3, 1.17521e+4, 1.81622e+2, 1.41330e+4, 2.12177e+2, 7.12721e+2, 9.30745e-1, 2.01671e+0, 4.12882e-3, 7.21196e+2, 8.56636e-1, 5.06968e+2, 6.22893e-2, 2.21971e+1, 1.45541e-3, 2.54561e+1, 2.78434e-2, 3.72019e+0, 3.99344e-4, 3.03103e+0, 3.71374e-4, 2.00000e+1, 0.00000e+0, 1.70000e+1, 0.00000e+0, 3, -1, Disabled
10/04/2022 12:38:39.181, 10/04/2022 12:38:39.130, 4.03714e+0, 1.92216e-4, 9.65824e+1, 4.59847e-3, 1.99408e+0, 1.32906e-3, 1.17785e+4, 8.76094e+1, 1.42942e+4, 1.22832e+2, 7.15997e+2, 1.34211e+0, 2.01785e+0, 1.35554e-3, 7.24531e+2, 1.31457e+0, 5.06950e+2, 4.28207e-2, 2.21986e+1, 5.87422e-3, 2.54642e+1, 2.87612e-2, 3.71969e+0, 1.58082e-4, 3.03125e+0, 2.88356e-4, 2.00000e+1, 0.00000e+0, 1.70000e+1, 0.00000e+0, 3, -1, Disabled
10/04/2022 12:38:44.154, 10/04/2022 12:38:44.104, 4.03697e+0, 1.68391e-5, 9.65782e+1, 4.02848e-4, 1.99487e+0, 1.12307e-3, 1.17337e+4, 8.28221e+1, 1.41735e+4, 1.38523e+2, 7.18905e+2, 2.24080e+0, 2.01855e+0, 1.15100e-3, 7.27441e+2, 2.29142e+0, 5.06935e+2, 7.14434e-2, 2.21748e+1, 1.30977e-2, 2.54634e+1, 1.88786e-2, 3.72020e+0, 7.25251e-4, 3.03118e+0, 1.89554e-4, 2.00000e+1, 0.00000e+0, 1.70000e+1, 0.00000e+0, 3, -1, Disabled
10/04/2022 12:38:49.129, 10/04/2022 12:38:49.076, 4.03685e+0, 2.61088e-4, 9.65753e+1, 6.24613e-3, 1.99514e+0, 2.37381e-3, 1.17715e+4, 2.09411e+2, 1.42411e+4, 1.58234e+2, 7.21925e+2, 7.57976e-1, 2.01890e+0, 2.43502e-3, 7.30524e+2, 7.00070e-1, 5.06964e+2, 6.16003e-2, 2.21960e+1, 1.19496e-3, 2.54762e+1, 2.82474e-2, 3.71997e+0, 5.08278e-4, 3.03109e+0, 7.44621e-5, 2.00000e+1, 0.00000e+0, 1.70000e+1, 0.00000e+0, 3, -1, Disabled
10/04/2022 12:38:54.097, 10/04/2022 12:38:54.050, 4.03749e+0, 1.59674e-4, 9.65906e+1, 3.81995e-3, 1.99550e+0, 2.23243e-3, 1.17337e+4, 7.46053e+1, 1.42063e+4, 1.54529e+2, 7.24576e+2, 1.79015e+0, 2.01919e+0, 2.14377e-3, 7.33179e+2, 1.82859e+0, 5.06933e+2, 7.33158e-2, 2.21943e+1, 1.31057e-3, 2.54716e+1, 2.85987e-2, 3.71968e+0, 6.14749e-4, 3.03128e+0, 4.97375e-4, 2.00000e+1, 0.00000e+0, 1.70000e+1, 0.00000e+0, 3, -1, Disabled
10/04/2022 12:38:59.075, 10/04/2022 12:38:59.022, 4.03802e+0, 2.38209e-4, 9.66033e+1, 5.69879e-3, 1.99755e+0, 2.56010e-3, 1.18179e+4, 1.45222e+2, 1.43368e+4, 1.14565e+2, 7.26984e+2, 1.37022e+0, 2.02144e+0, 2.61726e-3, 7.35678e+2, 1.40252e+0, 5.06949e+2, 6.57750e-2, 2.21841e+1, 9.94608e-3, 2.54811e+1, 2.52318e-2, 3.71988e+0, 6.26037e-4, 3.03122e+0, 2.18274e-4, 2.00000e+1, 0.00000e+0, 1.70000e+1, 0.00000e+0, 3, -1, Disabled
10/04/2022 12:39:04.046, 10/04/2022 12:39:03.994, 4.03819e+0, 4.72533e-4, 9.66075e+1, 1.13046e-2, 1.99512e+0, 1.25187e-3, 1.16331e+4, 1.82889e+2, 1.41110e+4, 3.77283e+1, 7.30174e+2, 1.58267e+0, 2.01860e+0, 1.48059e-3, 7.38768e+2, 1.62809e+0, 5.06954e+2, 6.39268e-2, 2.21769e+1, 9.63418e-3, 2.54939e+1, 2.81017e-2, 3.71979e+0, 5.88336e-4, 3.03123e+0, 2.33361e-4, 2.00000e+1, 0.00000e+0, 1.70000e+1, 0.00000e+0, 3, -1, Disabled
10/04/2022 12:39:09.034, 10/04/2022 12:39:08.967, 4.03965e+0, 2.97887e-4, 9.66424e+1, 7.12649e-3, 1.99589e+0, 2.29971e-3, 1.18026e+4, 2.68635e+2, 1.41827e+4, 2.28175e+2, 7.31535e+2, 8.14041e-1, 2.01973e+0, 1.80154e-3, 7.40272e+2, 6.33810e-1, 5.06944e+2, 7.93425e-2, 2.21578e+1, 4.97584e-3, 2.54910e+1, 3.29327e-2, 3.71992e+0, 3.75436e-4, 3.03090e+0, 2.88570e-4, 2.00000e+1, 0.00000e+0, 1.70000e+1, 0.00000e+0, 3, -1, Disabled
10/04/2022 12:39:13.999, 10/04/2022 12:39:13.940, 4.04077e+0, 4.64331e-4, 9.66692e+1, 1.11084e-2, 1.99935e+0, 2.59189e-3, 1.18024e+4, 6.69676e+1, 1.42708e+4, 7.55017e+1, 7.33956e+2, 1.99960e+0, 2.02323e+0, 2.64233e-3, 7.42722e+2, 2.03134e+0, 5.06950e+2, 5.55651e-2, 2.21542e+1, 8.42039e-3, 2.54831e+1, 2.64795e-2, 3.71986e+0, 4.17046e-4, 3.03117e+0, 4.03849e-4, 2.00000e+1, 0.00000e+0, 1.70000e+1, 0.00000e+0, 3, -1, Disabled
10/04/2022 12:39:18.963, 10/04/2022 12:39:18.913, 4.04142e+0, 2.49573e-4, 9.66847e+1, 5.97065e-3, 1.99967e+0, 2.93675e-3, 1.16572e+4, 1.73145e+2, 1.42291e+4, 1.66760e+2, 7.37843e+2, 9.03683e-1, 2.02326e+0, 3.22609e-3, 7.46546e+2, 8.84110e-1, 5.06959e+2, 5.81909e-2, 2.21627e+1, 1.24872e-2, 2.54797e+1, 2.09425e-2, 3.71953e+0, 5.71961e-4, 3.03094e+0, 3.47382e-4, 2.00000e+1, 0.00000e+0, 1.70000e+1, 0.00000e+0, 3, -1, Disabled
10/04/2022 12:39:23.944, 10/04/2022 12:39:23.886, 4.04422e+0, 1.82240e-3, 9.67517e+1, 4.35981e-2, 2.00070e+0, 2.90970e-3, 1.18356e+4, 8.25621e+1, 1.43061e+4, 1.32847e+2, 7.40262e+2, 1.69697e+0, 2.02467e+0, 3.02967e-3, 7.49129e+2, 1.66124e+0, 5.06957e+2, 8.23424e-2, 2.21691e+1, 5.10117e-3, 2.54633e+1, 1.98033e-2, 3.72006e+0, 7.80129e-4, 3.03130e+0, 1.25063e-4, 2.00000e+1, 0.00000e+0, 1.70000e+1, 0.00000e+0, 3, -1, Disabled
10/04/2022 12:39:28.910, 10/04/2022 12:39:28.857, 4.04391e+0, 7.31411e-4, 9.67443e+1, 1.74979e-2, 2.00164e+0, 2.94647e-3, 1.16916e+4, 1.22924e+2, 1.42658e+4, 1.33903e+2, 7.44452e+2, 2.52466e+0, 2.02531e+0, 2.97229e-3, 7.53259e+2, 2.59454e+0, 5.07002e+2, 5.46130e-2, 2.21811e+1, 9.91958e-3, 2.54445e+1, 3.82559e-2, 3.71945e+0, 5.60976e-4, 3.03080e+0, 3.86567e-4, 2.00000e+1, 0.00000e+0, 1.70000e+1, 0.00000e+0, 3, -1, Disabled
10/04/2022 12:39:33.885, 10/04/2022 12:39:33.830, 4.04220e+0, 1.11571e-3, 9.67034e+1, 2.66916e-2, 2.00129e+0, 1.84038e-3, 1.17135e+4, 2.09770e+2, 1.42272e+4, 2.22250e+2, 7.46746e+2, 8.41412e-1, 2.02501e+0, 1.88374e-3, 7.55597e+2, 9.70953e-1, 5.06936e+2, 8.07904e-2, 2.22007e+1, 3.73699e-3, 2.54300e+1, 1.94115e-2, 3.71998e+0, 4.50187e-4, 3.03145e+0, 4.27378e-4, 2.00000e+1, 0.00000e+0, 1.70000e+1, 0.00000e+0, 3, -1, Disabled
10/04/2022 12:39:38.857, 10/04/2022 12:39:38.803, 4.04204e+0, 5.73366e-4, 9.66994e+1, 1.37169e-2, 2.00348e+0, 1.74169e-3, 1.17922e+4, 1.55603e+2, 1.43082e+4, 1.62537e+2, 7.50722e+2, 2.20843e+0, 2.02739e+0, 1.98703e-3, 7.59681e+2, 2.17754e+0, 5.06967e+2, 6.54572e-2, 2.22149e+1, 2.34785e-2, 2.54154e+1, 2.29674e-2, 3.72011e+0, 2.46756e-4, 3.03090e+0, 2.13276e-4, 2.00000e+1, 0.00000e+0, 1.70000e+1, 0.00000e+0, 3, -1, Disabled
10/04/2022 12:39:43.823, 10/04/2022 12:39:43.776, 4.04467e+0, 1.18936e-3, 9.67624e+1, 2.84536e-2, 2.00514e+0, 1.99763e-3, 1.17112e+4, 1.39846e+2, 1.41233e+4, 1.22481e+2, 7.53712e+2, 7.38314e-1, 2.02890e+0, 2.07656e-3, 7.62644e+2, 8.10539e-1, 5.06969e+2, 4.26284e-2, 2.21986e+1, 1.28944e-2, 2.54380e+1, 1.88832e-2, 3.71999e+0, 2.70662e-4, 3.03093e+0, 2.53064e-4, 2.00000e+1, 0.00000e+0, 1.70000e+1, 0.00000e+0, 3, -1, Disabled
10/04/2022 12:39:48.805, 10/04/2022 12:39:48.749, 4.04386e+0, 1.42943e-3, 9.67430e+1, 3.41969e-2, 2.00499e+0, 1.22047e-3, 1.16634e+4, 1.91352e+2, 1.41389e+4, 1.71026e+2, 7.56012e+2, 1.24779e+0, 2.02865e+0, 1.41977e-3, 7.64934e+2, 1.22733e+0, 5.06966e+2, 7.60645e-2, 2.22186e+1, 1.39843e-2, 2.54290e+1, 1.77942e-2, 3.71956e+0, 8.89110e-4, 3.03095e+0, 3.08721e-4, 2.00000e+1, 0.00000e+0, 1.70000e+1, 0.00000e+0, 3, -1, Disabled
10/04/2022 12:39:53.785, 10/04/2022 12:39:53.721, 4.04180e+0, 8.69158e-4, 9.66938e+1, 2.07932e-2, 2.00528e+0, 1.93592e-3, 1.16255e+4, 1.77843e+2, 1.41866e+4, 1.96871e+2, 7.58601e+2, 1.73379e+0, 2.02886e+0, 2.04445e-3, 7.67524e+2, 1.67711e+0, 5.06974e+2, 7.81836e-2, 2.22064e+1, 4.32810e-3, 2.54481e+1, 2.11569e-2, 3.72014e+0, 5.46706e-4, 3.03117e+0, 2.18011e-4, 2.00000e+1, 0.00000e+0, 1.70000e+1, 0.00000e+0, 3, -1, Disabled
10/04/2022 12:39:58.750, 10/04/2022 12:39:58.695, 4.04249e+0, 3.18767e-4, 9.67102e+1, 7.62601e-3, 2.00438e+0, 3.23358e-3, 1.17289e+4, 6.46336e+1, 1.42651e+4, 1.30605e+2, 7.59395e+2, 1.04253e+0, 2.02817e+0, 3.36464e-3, 7.68408e+2, 1.06272e+0, 5.06940e+2, 4.39652e-2, 2.22192e+1, 1.07717e-2, 2.54605e+1, 2.82592e-2, 3.71990e+0, 8.53759e-4, 3.03130e+0, 3.91167e-4, 2.00000e+1, 0.00000e+0, 1.70000e+1, 0.00000e+0, 3, -1, Disabled
10/04/2022 12:40:03.731, 10/04/2022 12:40:03.667, 4.04234e+0, 6.23177e-4, 9.67066e+1, 1.49085e-2, 2.00626e+0, 3.89365e-3, 1.14857e+4, 1.49536e+2, 1.40598e+4, 1.97802e+2, 7.63332e+2, 1.21625e+0, 2.02957e+0, 4.07059e-3, 7.72201e+2, 1.27022e+0, 5.06965e+2, 2.37544e-2, 2.21898e+1, 1.50958e-2, 2.54608e+1, 2.21655e-2, 3.72013e+0, 3.96347e-4, 3.03139e+0, 3.45436e-4, 2.00000e+1, 0.00000e+0, 1.70000e+1, 0.00000e+0, 3, -1, Disabled
10/04/2022 12:40:08.691, 10/04/2022 12:40:08.639, 4.04105e+0, 1.67043e-4, 9.66759e+1, 3.99624e-3, 2.00692e+0, 1.81291e-3, 1.14805e+4, 1.26169e+2, 1.40480e+4, 1.16982e+2, 7.66492e+2, 1.52377e+0, 2.03022e+0, 1.59531e-3, 7.75393e+2, 1.46564e+0, 5.06968e+2, 8.11080e-2, 2.22203e+1, 2.46781e-2, 2.54631e+1, 1.39914e-2, 3.71974e+0, 4.93161e-4, 3.03155e+0, 1.93809e-4, 2.00000e+1, 0.00000e+0, 1.70000e+1, 0.00000e+0, 3, -1, Disabled
10/04/2022 12:40:13.676, 10/04/2022 12:40:13.613, 4.03998e+0, 4.25346e-4, 9.66502e+1, 1.01757e-2, 2.00771e+0, 4.59658e-3, 1.18241e+4, 1.40960e+2, 1.42882e+4, 1.74942e+2, 7.67895e+2, 1.02846e+0, 2.03173e+0, 4.58098e-3, 7.77083e+2, 1.09166e+0, 5.07011e+2, 7.74013e-2, 2.22235e+1, 2.25447e-2, 2.54714e+1, 2.36021e-2, 3.72001e+0, 4.36138e-4, 3.03157e+0, 1.20562e-4, 2.00000e+1, 0.00000e+0, 1.70000e+1, 0.00000e+0, 3, -1, Disabled
10/04/2022 12:40:18.636, 10/04/2022 12:40:18.584, 4.03913e+0, 3.28958e-4, 9.66298e+1, 7.86981e-3, 2.00877e+0, 2.35617e-3, 1.16218e+4, 1.86200e+2, 1.42461e+4, 1.52526e+2, 7.72180e+2, 1.30579e+0, 2.03239e+0, 2.63795e-3, 7.81260e+2, 1.22846e+0, 5.06969e+2, 6.42743e-2, 2.22028e+1, 2.04842e-2, 2.54653e+1, 2.76272e-2, 3.72003e+0, 2.97802e-4, 3.03150e+0, 1.46711e-4, 2.00000e+1, 0.00000e+0, 1.70000e+1, 0.00000e+0, 3, -1, Disabled
10/04/2022 12:40:23.611, 10/04/2022 12:40:23.558, 4.04005e+0, 5.23075e-4, 9.66520e+1, 1.25137e-2, 2.00834e+0, 1.91879e-3, 1.16589e+4, 1.44368e+2, 1.41832e+4, 1.33345e+2, 7.74490e+2, 1.62093e+0, 2.03203e+0, 2.15748e-3, 7.83626e+2, 1.68166e+0, 5.06965e+2, 7.86939e-2, 2.22059e+1, 1.42204e-2, 2.54675e+1, 1.53391e-2, 3.71993e+0, 6.08486e-4, 3.03153e+0, 3.95696e-4, 2.00000e+1, 0.00000e+0, 1.70000e+1, 0.00000e+0, 3, -1, Disabled
10/04/2022 12:40:28.585, 10/04/2022 12:40:28.530, 4.03934e+0, 4.01349e-4, 9.66349e+1, 9.60165e-3, 2.00947e+0, 2.69946e-3, 1.16430e+4, 2.35225e+2, 1.42466e+4, 3.10653e+2, 7.76946e+2, 2.13771e+0, 2.03315e+0, 2.44013e-3, 7.86099e+2, 2.12514e+0, 5.06950e+2, 4.00234e-2, 2.22107e+1, 2.18841e-3, 2.54786e+1, 2.80738e-2, 3.71966e+0, 4.14142e-4, 3.03165e+0, 1.80911e-4, 2.00000e+1, 0.00000e+0, 1.70000e+1, 0.00000e+0, 3, -1, Disabled
10/04/2022 12:40:33.552, 10/04/2022 12:40:33.503, 4.03950e+0, 1.74121e-4, 9.66388e+1, 4.16557e-3, 2.01189e+0, 3.95906e-3, 1.16681e+4, 8.55479e+1, 1.41895e+4, 4.56965e+1, 7.78985e+2, 1.00011e+0, 2.03565e+0, 4.05805e-3, 7.88182e+2, 1.05106e+0, 5.06910e+2, 3.64044e-2, 2.22068e+1, 1.45503e-3, 2.54821e+1, 3.05728e-2, 3.71978e+0, 5.79587e-4, 3.03140e+0, 3.82044e-4, 2.00000e+1, 0.00000e+0, 1.70000e+1, 0.00000e+0, 3, -1, Disabled
10/04/2022 12:40:38.527, 10/04/2022 12:40:38.475, 4.03941e+0, 1.75378e-4, 9.66365e+1, 4.19565e-3, 2.01057e+0, 3.45417e-3, 1.15730e+4, 8.83371e+1, 1.41271e+4, 6.48353e+1, 7.80661e+2, 1.16591e+0, 2.03411e+0, 3.60001e-3, 7.89801e+2, 1.19244e+0, 5.06938e+2, 7.12098e-2, 2.21805e+1, 8.83653e-3, 2.54980e+1, 3.21391e-2, 3.71972e+0, 3.52225e-4, 3.03146e+0, 2.31524e-4, 2.00000e+1, 0.00000e+0, 1.70000e+1, 0.00000e+0, 3, -1, Disabled
10/04/2022 12:40:43.501, 10/04/2022 12:40:43.449, 4.03948e+0, 3.29402e-4, 9.66384e+1, 7.88044e-3, 2.01318e+0, 3.11111e-3, 1.16576e+4, 2.25243e+2, 1.41213e+4, 1.35734e+2, 7.84948e+2, 8.55864e-1, 2.03692e+0, 2.93474e-3, 7.94207e+2, 9.60893e-1, 5.06925e+2, 8.64995e-2, 2.21922e+1, 9.65412e-3, 2.54597e+1, 2.32745e-2, 3.71928e+0, 4.65638e-4, 3.03152e+0, 2.35456e-4, 2.00000e+1, 0.00000e+0, 1.70000e+1, 0.00000e+0, 3, -1, Disabled
10/04/2022 12:40:48.474, 10/04/2022 12:40:48.422, 4.03980e+0, 2.76788e-4, 9.66459e+1, 6.62173e-3, 2.01453e+0, 2.27148e-3, 1.16672e+4, 1.85238e+2, 1.41490e+4, 2.05054e+2, 7.87373e+2, 1.68265e+0, 2.03831e+0, 2.56289e-3, 7.96668e+2, 1.68060e+0, 5.06935e+2, 3.60500e-2, 2.21706e+1, 4.48192e-3, 2.54656e+1, 2.26440e-2, 3.71935e+0, 4.84288e-4, 3.03182e+0, 6.37698e-4, 2.00000e+1, 0.00000e+0, 1.70000e+1, 0.00000e+0, 3, -1, Disabled
10/04/2022 12:40:53.449, 10/04/2022 12:40:53.393, 4.04080e+0, 6.79348e-4, 9.66699e+1, 1.62523e-2, 2.01417e+0, 2.52463e-3, 1.17822e+4, 1.83736e+2, 1.42530e+4, 1.90629e+2, 7.88618e+2, 1.73359e+0, 2.03818e+0, 2.63145e-3, 7.98021e+2, 1.83092e+0, 5.06932e+2, 8.75775e-2, 2.21631e+1, 1.19602e-3, 2.54851e+1, 1.35560e-2, 3.71977e+0, 6.64752e-4, 3.03129e+0, 3.17018e-4, 2.00000e+1, 0.00000e+0, 1.70000e+1, 0.00000e+0, 3, -1, Disabled
10/04/2022 12:40:58.428, 10/04/2022 12:40:58.366, 4.04189e+0, 3.14770e-4, 9.66960e+1, 7.53038e-3, 2.01557e+0, 2.41500e-3, 1.16504e+4, 2.07129e+2, 1.41731e+4, 1.28528e+2, 7.92898e+2, 1.56746e+0, 2.03932e+0, 2.37766e-3, 8.02244e+2, 1.51501e+0, 5.06927e+2, 6.27545e-2, 2.21671e+1, 2.70228e-3, 2.54841e+1, 1.89062e-2, 3.71974e+0, 4.25503e-4, 3.03156e+0, 3.74868e-4, 2.00000e+1, 0.00000e+0, 1.70000e+1, 0.00000e+0, 3, -1, Disabled
10/04/2022 12:41:03.392, 10/04/2022 12:41:03.339, 4.04187e+0, 3.28977e-5, 9.66955e+1, 7.87027e-4, 2.01559e+0, 3.23331e-3, 1.17156e+4, 2.29662e+2, 1.42416e+4, 2.18109e+2, 7.97329e+2, 1.37360e+0, 2.03948e+0, 3.00868e-3, 8.06781e+2, 1.45127e+0, 5.06964e+2, 3.61227e-2, 2.21888e+1, 2.52562e-2, 2.54882e+1, 1.43471e-2, 3.71950e+0, 7.40685e-4, 3.03146e+0, 4.46635e-4, 2.00000e+1, 0.00000e+0, 1.70000e+1, 0.00000e+0, 3, -1, Disabled
10/04/2022 12:41:08.366, 10/04/2022 12:41:08.312, 4.04202e+0, 2.81832e-4, 9.66990e+1, 6.74239e-3, 2.01691e+0, 3.25586e-3, 1.18188e+4, 1.47825e+2, 1.42765e+4, 1.23461e+2, 8.00096e+2, 1.24226e+0, 2.04103e+0, 3.48621e-3, 8.09666e+2, 1.19688e+0, 5.06934e+2, 5.91631e-2, 2.21892e+1, 1.10493e-2, 2.54837e+1, 1.62878e-2, 3.71932e+0, 4.92798e-4, 3.03150e+0, 4.16541e-4, 2.00000e+1, 0.00000e+0, 1.70000e+1, 0.00000e+0, 3, -1, Disabled
10/04/2022 12:41:13.336, 10/04/2022 12:41:13.285, 4.04275e+0, 2.20516e-4, 9.67165e+1, 5.27550e-3, 2.01597e+0, 1.97298e-3, 1.16163e+4, 1.24726e+2, 1.41661e+4, 1.04311e+2, 8.01853e+2, 1.39441e+0, 2.03967e+0, 2.20859e-3, 8.11277e+2, 1.50537e+0, 5.06945e+2, 6.84826e-2, 2.22091e+1, 4.29224e-3, 2.54788e+1, 1.89163e-2, 3.71883e+0, 2.28799e-4, 3.03134e+0, 2.53297e-4, 2.00000e+1, 0.00000e+0, 1.70000e+1, 0.00000e+0, 3, -1, Disabled
10/04/2022 12:41:18.312, 10/04/2022 12:41:18.257, 4.04217e+0, 4.42209e-4, 9.67025e+1, 1.05792e-2, 2.01825e+0, 3.29744e-3, 1.14826e+4, 9.53988e+1, 1.40314e+4, 1.74641e+2, 8.04740e+2, 1.56067e+0, 2.04169e+0, 3.39853e-3, 8.14088e+2, 1.59293e+0, 5.06973e+2, 5.63434e-2, 2.22141e+1, 8.32721e-4, 2.54867e+1, 2.75777e-2, 3.71912e+0, 8.94097e-4, 3.03173e+0, 7.14548e-4, 2.00000e+1, 0.00000e+0, 1.70000e+1, 0.00000e+0, 3, -1, Disabled
10/04/2022 12:41:23.282, 10/04/2022 12:41:23.230, 4.04296e+0, 5.33249e-4, 9.67215e+1, 1.27572e-2, 2.02001e+0, 2.48314e-3, 1.15458e+4, 5.16845e+1, 1.40405e+4, 5.33936e+1, 8.08461e+2, 1.25820e+0, 2.04361e+0, 2.48890e-3, 8.17904e+2, 1.25073e+0, 5.06967e+2, 9.20611e-2, 2.22163e+1, 1.98089e-2, 2.54763e+1, 1.62418e-2, 3.71948e+0, 9.33455e-4, 3.03155e+0, 3.07839e-4, 2.00000e+1, 0.00000e+0, 1.70000e+1, 0.00000e+0, 3, -1, Disabled
10/04/2022 12:41:28.254, 10/04/2022 12:41:28.202, 4.04455e+0, 4.32203e-4, 9.67595e+1, 1.03398e-2, 2.01962e+0, 1.97948e-3, 1.15722e+4, 2.92411e+2, 1.41552e+4, 2.43052e+2, 8.10379e+2, 5.18708e-1, 2.04327e+0, 2.30996e-3, 8.19867e+2, 5.48629e-1, 5.06962e+2, 3.55652e-2, 2.22221e+1, 1.25964e-2, 2.54539e+1, 2.92484e-2, 3.71942e+0, 6.78150e-4, 3.03143e+0, 3.10209e-4, 2.00000e+1, 0.00000e+0, 1.70000e+1, 0.00000e+0, 3, -1, Disabled
10/04/2022 12:41:33.230, 10/04/2022 12:41:33.175, 4.04436e+0, 4.10242e-4, 9.67550e+1, 9.81441e-3, 2.01935e+0, 2.45799e-3, 1.16349e+4, 1.62798e+2, 1.42175e+4, 1.61837e+2, 8.11967e+2, 1.50682e+0, 2.04312e+0, 2.43095e-3, 8.21525e+2, 1.56824e+0, 5.06949e+2, 8.44524e-2, 2.22179e+1, 1.62282e-3, 2.54852e+1, 3.60810e-2, 3.71896e+0, 7.69396e-4, 3.03152e+0, 7.27523e-4, 2.00000e+1, 0.00000e+0, 1.70000e+1, 0.00000e+0, 3, -1, Disabled
10/04/2022 12:41:38.209, 10/04/2022 12:41:38.148, 4.04402e+0, 1.75992e-4, 9.67470e+1, 4.21034e-3, 2.01918e+0, 3.40817e-3, 1.14831e+4, 1.33031e+2, 1.40715e+4, 1.64662e+2, 8.16306e+2, 1.93828e+0, 2.04264e+0, 3.50126e-3, 8.25789e+2, 1.95756e+0, 5.06949e+2, 5.24408e-2, 2.22125e+1, 1.26374e-2, 2.54605e+1, 2.57368e-2, 3.71924e+0, 4.29770e-4, 3.03130e+0, 4.93004e-4, 2.00000e+1, 0.00000e+0, 1.70000e+1, 0.00000e+0, 3, -1, Disabled
10/04/2022 12:41:43.176, 10/04/2022 12:41:43.120, 4.04424e+0, 2.97166e-4, 9.67521e+1, 7.10924e-3, 2.02364e+0, 3.14986e-3, 1.16290e+4, 1.88332e+2, 1.42638e+4, 7.87518e+1, 8.19365e+2, 1.12322e+0, 2.04745e+0, 3.22127e-3, 8.29006e+2, 1.03233e+0, 5.06955e+2, 7.83381e-2, 2.22380e+1, 3.16289e-2, 2.54492e+1, 1.00433e-2, 3.71972e+0, 7.67839e-4, 3.03139e+0, 3.69066e-4, 2.00000e+1, 0.00000e+0, 1.70000e+1, 0.00000e+0, 3, -1, Disabled
10/04/2022 12:41:48.145, 10/04/2022 12:41:48.094, 4.04371e+0, 1.74083e-4, 9.67395e+1, 4.16467e-3, 2.02326e+0, 2.60875e-3, 1.15225e+4, 2.26203e+2, 1.41362e+4, 1.78107e+2, 8.20563e+2, 1.69664e+0, 2.04685e+0, 3.03265e-3, 8.30128e+2, 1.75927e+0, 5.06934e+2, 3.98396e-2, 2.22229e+1, 6.18699e-3, 2.54759e+1, 4.32203e-2, 3.71882e+0, 1.62333e-3, 3.03076e+0, 1.19280e-3, 2.00000e+1, 0.00000e+0, 1.70000e+1, 0.00000e+0, 3, -1, Disabled
10/04/2022 12:41:53.118, 10/04/2022 12:41:53.066, 4.04361e+0, 2.38171e-4, 9.67372e+1, 5.69787e-3, 2.02318e+0, 2.94601e-3, 1.15901e+4, 1.11118e+2, 1.41390e+4, 1.73203e+2, 8.24076e+2, 1.15278e+0, 2.04690e+0, 2.82752e-3, 8.33739e+2, 1.17608e+0, 5.06922e+2, 5.72771e-2, 2.22430e+1, 2.19294e-2, 2.54786e+1, 4.85503e-2, 3.71907e+0, 8.14392e-4, 3.03109e+0, 2.78360e-4, 2.00000e+1, 0.00000e+0, 1.70000e+1, 0.00000e+0, 3, -1, Disabled
10/04/2022 12:41:58.094, 10/04/2022 12:41:58.038, 4.04476e+0, 2.81286e-4, 9.67647e+1, 6.72933e-3, 2.02424e+0, 3.05155e-3, 1.15678e+4, 2.04679e+2, 1.41198e+4, 1.22032e+2, 8.26265e+2, 1.10023e+0, 2.04793e+0, 2.76565e-3, 8.35934e+2, 1.07372e+0, 5.06951e+2, 5.34316e-2, 2.22296e+1, 2.91219e-2, 2.54699e+1, 1.62951e-2, 3.71940e+0, 7.75632e-4, 3.03158e+0, 3.89652e-4, 2.00000e+1, 0.00000e+0, 1.70000e+1, 0.00000e+0, 3, -1, Disabled
10/04/2022 12:42:03.062, 10/04/2022 12:42:03.011, 4.04421e+0, 1.02925e-4, 9.67514e+1, 2.46231e-3, 2.02670e+0, 3.45694e-3, 1.13562e+4, 1.94874e+2, 1.39692e+4, 1.79560e+2, 8.29694e+2, 8.60918e-1, 2.04998e+0, 3.81104e-3, 8.39224e+2, 8.26279e-1, 5.06967e+2, 4.71520e-2, 2.22247e+1, 1.32878e-3, 2.54861e+1, 4.82946e-2, 3.71925e+0, 1.30085e-3, 3.03085e+0, 6.27155e-4, 2.00000e+1, 0.00000e+0, 1.70000e+1, 0.00000e+0, 3, -1, Disabled
10/04/2022 12:42:08.040, 10/04/2022 12:42:07.984, 4.04341e+0, 3.12363e-4, 9.67322e+1, 7.47279e-3, 2.02564e+0, 9.51190e-4, 1.13018e+4, 2.94543e+2, 1.39193e+4, 3.03649e+2, 8.31153e+2, 8.14818e-1, 2.04880e+0, 1.45306e-3, 8.40654e+2, 8.37848e-1, 5.06922e+2, 5.14374e-2, 2.22294e+1, 1.18439e-2, 2.54692e+1, 2.73267e-2, 3.72087e+0, 7.60018e-4, 3.03204e+0, 5.63407e-4, 2.00000e+1, 0.00000e+0, 1.70000e+1, 0.00000e+0, 3, -1, Disabled
10/04/2022 12:42:13.007, 10/04/2022 12:42:12.956, 4.04399e+0, 4.60568e-4, 9.67462e+1, 1.10184e-2, 2.02827e+0, 2.64957e-3, 1.16468e+4, 9.80567e+1, 1.42273e+4, 8.54049e+1, 8.34464e+2, 1.69006e+0, 2.05217e+0, 2.64230e-3, 8.44297e+2, 1.67738e+0, 5.06910e+2, 8.17727e-2, 2.22292e+1, 2.36814e-2, 2.54519e+1, 2.28910e-2, 3.71962e+0, 9.94061e-4, 3.03126e+0, 8.57946e-4, 2.00000e+1, 0.00000e+0, 1.70000e+1, 0.00000e+0, 3, -1, Disabled
10/04/2022 12:42:17.992, 10/04/2022 12:42:17.930, 4.04533e+0, 3.67881e-4, 9.67782e+1, 8.80099e-3, 2.02772e+0, 2.00444e-3, 1.14495e+4, 2.03596e+2, 1.41379e+4, 1.47528e+2, 8.38291e+2, 9.76828e-1, 2.05120e+0, 2.06427e-3, 8.48000e+2, 9.56081e-1, 5.06960e+2, 9.58323e-2, 2.22268e+1, 1.43763e-2, 2.54735e+1, 2.61542e-2, 3.71918e+0, 6.63344e-4, 3.03077e+0, 3.80762e-4, 2.00000e+1, 0.00000e+0, 1.70000e+1, 0.00000e+0, 3, -1, Disabled
10/04/2022 12:42:22.957, 10/04/2022 12:42:22.902, 4.04581e+0, 3.21472e-4, 9.67897e+1, 7.69071e-3, 2.02730e+0, 2.46420e-3, 1.14532e+4, 1.07290e+2, 1.41331e+4, 1.77482e+2, 8.39621e+2, 1.06920e+0, 2.05078e+0, 2.62891e-3, 8.49349e+2, 1.05514e+0, 5.06916e+2, 7.44846e-2, 2.22483e+1, 2.96243e-2, 2.54725e+1, 2.94668e-2, 3.71931e+0, 7.84388e-4, 3.03110e+0, 3.61427e-4, 2.00000e+1, 0.00000e+0, 1.70000e+1, 0.00000e+0, 3, -1, Disabled
10/04/2022 12:42:27.930, 10/04/2022 12:42:27.876, 4.04564e+0, 2.60150e-4, 9.67856e+1, 6.22367e-3, 2.02796e+0, 2.29848e-3, 1.15474e+4, 1.95905e+2, 1.41707e+4, 9.83632e+1, 8.42192e+2, 1.48724e+0, 2.05166e+0, 2.12395e-3, 8.52031e+2, 1.57713e+0, 5.06922e+2, 8.85371e-2, 2.22113e+1, 2.78064e-2, 2.54767e+1, 1.65067e-2, 3.71959e+0, 6.88854e-4, 3.03107e+0, 4.27145e-4, 2.00000e+1, 0.00000e+0, 1.70000e+1, 0.00000e+0, 3, -1, Disabled
10/04/2022 12:42:32.902, 10/04/2022 12:42:32.848, 4.04628e+0, 1.77403e-4, 9.68009e+1, 4.24409e-3, 2.02868e+0, 2.51831e-3, 1.14074e+4, 2.46770e+2, 1.40816e+4, 2.58431e+2, 8.45941e+2, 5.68375e-1, 2.05209e+0, 2.29098e-3, 8.55702e+2, 5.37075e-1, 5.06933e+2, 6.80217e-2, 2.22181e+1, 2.14334e-2, 2.54867e+1, 3.27149e-2, 3.71950e+0, 4.17341e-4, 3.03126e+0, 3.66718e-4, 2.00000e+1, 0.00000e+0, 1.70000e+1, 0.00000e+0, 3, -1, Disabled
10/04/2022 12:42:37.874, 10/04/2022 12:42:37.821, 4.04688e+0, 6.41493e-4, 9.68153e+1, 1.53467e-2, 2.02993e+0, 2.60221e-3, 1.15405e+4, 3.54201e+2, 1.42503e+4, 2.36925e+2, 8.47537e+2, 6.79019e-1, 2.05363e+0, 3.15836e-3, 8.57432e+2, 9.05449e-1, 5.06938e+2, 6.31327e-2, 2.22262e+1, 2.15413e-2, 2.54884e+1, 2.31123e-2, 3.71931e+0, 2.37071e-4, 3.03166e+0, 3.53205e-4, 2.00000e+1, 0.00000e+0, 1.70000e+1, 0.00000e+0, 3, -1, Disabled
10/04/2022 12:42:42.845, 10/04/2022 12:42:42.800, 4.04777e+0, 2.96047e-4, 9.68366e+1, 7.08245e-3, 2.03029e+0, 2.32613e-3, 1.15101e+4, 2.15016e+2, 1.41428e+4, 1.44453e+2, 8.50052e+2, 1.28910e+0, 2.05393e+0, 2.12345e-3, 8.59950e+2, 1.12570e+0, 5.06950e+2, 7.07945e-2, 2.22102e+1, 3.97280e-3, 2.54962e+1, 3.58167e-2, 3.71964e+0, 8.86825e-4, 3.03127e+0, 3.63558e-4, 2.00000e+1, 0.00000e+0, 1.70000e+1, 0.00000e+0, 3, -1, Disabled
10/04/2022 12:42:47.841, 10/04/2022 12:42:47.772, 4.04744e+0, 7.16843e-4, 9.68286e+1, 1.71494e-2, 2.03229e+0, 2.72227e-3, 1.15209e+4, 2.80790e+2, 1.42543e+4, 1.88585e+2, 8.52599e+2, 8.38758e-1, 2.05597e+0, 3.03495e-3, 8.62536e+2, 7.98382e-1, 5.06919e+2, 8.41540e-2, 2.22207e+1, 9.83144e-3, 2.54978e+1, 2.22209e-2, 3.71921e+0, 2.97147e-4, 3.03124e+0, 3.53640e-4, 2.00000e+1, 0.00000e+0, 1.70000e+1, 0.00000e+0, 3, -1, Disabled
10/04/2022 12:42:52.802, 10/04/2022 12:42:52.746, 4.04753e+0, 4.95744e-4, 9.68309e+1, 1.18599e-2, 2.03014e+0, 3.94294e-3, 1.14596e+4, 1.31804e+2, 1.40769e+4, 1.04690e+2, 8.55039e+2, 1.39380e+0, 2.05367e+0, 4.02276e-3, 8.64951e+2, 1.37674e+0, 5.06917e+2, 4.68202e-2, 2.22313e+1, 1.09345e-2, 2.55043e+1, 2.49669e-2, 3.71977e+0, 2.87760e-4, 3.03091e+0, 4.42245e-4, 2.00000e+1, 0.00000e+0, 1.70000e+1, 0.00000e+0, 3, -1, Disabled
10/04/2022 12:42:57.774, 10/04/2022 12:42:57.717, 4.04718e+0, 1.28476e-4, 9.68224e+1, 3.07358e-3, 2.03183e+0, 3.71107e-3, 1.15301e+4, 1.04460e+2, 1.41297e+4, 4.66212e+1, 8.58578e+2, 3.70547e-1, 2.05553e+0, 3.92288e-3, 8.68593e+2, 3.99818e-1, 5.06944e+2, 5.80653e-2, 2.22178e+1, 1.40273e-2, 2.55109e+1, 9.68532e-3, 3.71939e+0, 2.88085e-4, 3.03105e+0, 3.16457e-4, 2.00000e+1, 0.00000e+0, 1.70000e+1, 0.00000e+0, 3, -1, Disabled
10/04/2022 12:43:02.748, 10/04/2022 12:43:02.690, 4.04764e+0, 2.76804e-4, 9.68335e+1, 6.62210e-3, 2.03614e+0, 2.04757e-3, 1.15249e+4, 2.64779e+2, 1.42026e+4, 1.02034e+2, 8.60516e+2, 9.46135e-1, 2.05988e+0, 1.91790e-3, 8.70549e+2, 8.46795e-1, 5.06917e+2, 1.21317e-1, 2.22359e+1, 1.39698e-2, 2.55214e+1, 3.51110e-2, 3.71908e+0, 3.55196e-4, 3.03098e+0, 3.69907e-4, 2.00000e+1, 0.00000e+0, 1.70000e+1, 0.00000e+0, 3, -1, Disabled
10/04/2022 12:43:07.719, 10/04/2022 12:43:07.663, 4.04895e+0, 4.49062e-4, 9.68649e+1, 1.07431e-2, 2.03579e+0, 1.78170e-3, 1.15241e+4, 2.47212e+2, 1.41106e+4, 2.08864e+2, 8.63365e+2, 1.65166e+0, 2.05952e+0, 1.82197e-3, 8.73431e+2, 1.70322e+0, 5.06946e+2, 4.57851e-2, 2.22540e+1, 2.24492e-2, 2.55035e+1, 2.91018e-2, 3.71922e+0, 7.41316e-4, 3.03097e+0, 5.47827e-4, 2.00000e+1, 0.00000e+0, 1.70000e+1, 0.00000e+0, 3, -1, Disabled
10/04/2022 12:43:12.696, 10/04/2022 12:43:12.637, 4.04793e+0, 3.75104e-4, 9.68405e+1, 8.97379e-3, 2.03589e+0, 2.53991e-3, 1.13598e+4, 1.87077e+2, 1.41412e+4, 7.87073e+1, 8.66146e+2, 1.33257e+0, 2.05928e+0, 2.28735e-3, 8.76098e+2, 1.43671e+0, 5.06929e+2, 3.58177e-2, 2.22447e+1, 1.53572e-3, 2.55430e+1, 2.01067e-2, 3.71933e+0, 7.63997e-4, 3.03081e+0, 4.02271e-4, 2.00000e+1, 0.00000e+0, 1.70000e+1, 0.00000e+0, 3, -1, Disabled
10/04/2022 12:43:17.664, 10/04/2022 12:43:17.608, 4.04750e+0, 2.78172e-4, 9.68301e+1, 6.65482e-3, 2.03490e+0, 7.80793e-4, 1.12045e+4, 3.64606e+2, 1.39684e+4, 2.30656e+2, 8.68665e+2, 1.51336e+0, 2.05796e+0, 1.08401e-3, 8.78508e+2, 1.32247e+0, 5.06920e+2, 8.65096e-2, 2.22326e+1, 1.57187e-2, 2.55411e+1, 3.72058e-2, 3.71946e+0, 2.94025e-4, 3.03085e+0, 2.92945e-4, 2.00000e+1, 0.00000e+0, 1.70000e+1, 0.00000e+0, 3, -1, Disabled
10/04/2022 12:43:22.642, 10/04/2022 12:43:22.581, 4.04694e+0, 1.59004e-4, 9.68167e+1, 3.80391e-3, 2.00403e+0, 4.17389e-2, 1.13655e+4, 2.40845e+2, 1.40688e+4, 1.81862e+2, 7.33397e+2, 1.61205e+2, 2.02707e+0, 4.21508e-2, 7.41824e+2, 1.63052e+2, 5.06886e+2, 6.27098e-2, 2.22525e+1, 1.39112e-2, 2.55309e+1, 1.62966e-2, 3.71933e+0, 4.87381e-4, 3.03125e+0, 5.00274e-4, 2.00000e+1, 0.00000e+0, 1.70000e+1, 0.00000e+0, 3, -1, Disabled
10/04/2022 12:43:27.612, 10/04/2022 12:43:27.554, 4.04645e+0, 3.80925e-4, 9.68051e+1, 9.11303e-3, 1.92365e+0, 8.95617e-3, 1.13038e+4, 9.32872e+1, 1.41143e+4, 1.21277e+2, 4.70630e+2, 1.01242e+1, 1.94564e+0, 8.98076e-3, 4.76010e+2, 1.02059e+1, 5.06914e+2, 9.24543e-2, 2.22461e+1, 2.49304e-3, 2.55597e+1, 3.20202e-2, 3.72068e+0, 7.47802e-4, 3.03117e+0, 1.67915e-4, 2.00000e+1, 0.00000e+0, 1.70000e+1, 0.00000e+0, 3, -1, Disabled
10/04/2022 12:43:32.582, 10/04/2022 12:43:32.526, 4.04692e+0, 4.42961e-4, 9.68163e+1, 1.05971e-2, 1.91587e+0, 8.23260e-4, 1.14757e+4, 2.04590e+2, 1.42855e+4, 6.54247e+1, 4.24963e+2, 2.10349e+1, 1.93811e+0, 9.59883e-4, 4.29898e+2, 2.13155e+1, 5.06956e+2, 7.01568e-2, 2.22812e+1, 1.04196e-1, 2.55683e+1, 2.51172e-2, 3.72050e+0, 3.69150e-4, 3.03165e+0, 4.70195e-4, 2.00000e+1, 0.00000e+0, 1.70000e+1, 0.00000e+0, 3, -1, Disabled
10/04/2022 12:43:37.551, 10/04/2022 12:43:37.499, 4.04771e+0, 1.38975e-4, 9.68351e+1, 3.32477e-3, 1.91487e+0, 1.36705e-3, 1.14408e+4, 1.76496e+2, 1.42366e+4, 1.67837e+2, 4.03808e+2, 2.16982e+0, 1.93703e+0, 1.29655e-3, 4.08481e+2, 2.20499e+0, 5.06942e+2, 5.72360e-2, 2.22480e+1, 8.34814e-4, 2.55703e+1, 3.26135e-2, 3.72052e+0, 6.39024e-4, 3.03135e+0, 1.23924e-4, 2.00000e+1, 0.00000e+0, 1.70000e+1, 0.00000e+0, 3, -1, Disabled
10/04/2022 12:43:42.538, 10/04/2022 12:43:42.473, 4.04733e+0, 1.62248e-4, 9.68260e+1, 3.88152e-3, 1.91433e+0, 1.74208e-3, 1.15261e+4, 2.28460e+2, 1.44293e+4, 6.63177e+1, 4.02299e+2, 5.86840e-1, 1.93666e+0, 1.50021e-3, 4.06990e+2, 6.59011e-1, 5.06946e+2, 3.14054e-2, 2.22607e+1, 1.08941e-2, 2.55910e+1, 2.97537e-2, 3.72095e+0, 3.74630e-4, 3.03131e+0, 4.70758e-4, 2.00000e+1, 0.00000e+0, 1.70000e+1, 0.00000e+0, 3, -1, Disabled
10/04/2022 12:43:47.503, 10/04/2022 12:43:47.444, 4.04774e+0, 4.85509e-4, 9.68360e+1, 1.16151e-2, 1.91641e+0, 1.41374e-3, 1.18846e+4, 1.49524e+2, 1.44664e+4, 1.80991e+2, 4.01698e+2, 1.07674e+0, 1.93946e+0, 1.54334e-3, 4.06529e+2, 1.13620e+0, 5.06939e+2, 9.15420e-2, 2.22569e+1, 1.22759e-2, 2.55838e+1, 1.85033e-2, 3.72057e+0, 4.65211e-4, 3.03151e+0, 3.65036e-4, 2.00000e+1, 0.00000e+0, 1.70000e+1, 0.00000e+0, 3, -1, Disabled
10/04/2022 12:43:52.476, 10/04/2022 12:43:52.417, 4.04843e+0, 4.38000e-4, 9.68525e+1, 1.04785e-2, 1.91424e+0, 2.60438e-3, 1.20986e+4, 2.19307e+2, 1.46383e+4, 1.57258e+2, 4.02420e+2, 1.20363e+0, 1.93768e+0, 2.91266e-3, 4.07349e+2, 1.15245e+0, 5.06932e+2, 4.20135e-2, 2.22442e+1, 1.23181e-2, 2.55963e+1, 3.46330e-2, 3.72021e+0, 3.93386e-4, 3.03154e+0, 4.07937e-4, 2.00000e+1, 0.00000e+0, 1.70000e+1, 0.00000e+0, 3, -1, Disabled
10/04/2022 12:43:57.440, 10/04/2022 12:43:57.391, 4.04857e+0, 2.53037e-4, 9.68559e+1, 6.05351e-3, 1.91541e+0, 2.64847e-3, 1.20892e+4, 1.13117e+2, 1.46082e+4, 1.51628e+2, 4.10545e+2, 1.50070e+0, 1.93885e+0, 2.74855e-3, 4.15569e+2, 1.51779e+0, 5.06925e+2, 4.41488e-2, 2.22467e+1, 1.23282e-2, 2.55893e+1, 2.75830e-2, 3.72022e+0, 7.49296e-4, 3.03163e+0, 2.47528e-4, 2.00000e+1, 0.00000e+0, 1.70000e+1, 0.00000e+0, 3, -1, Disabled
10/04/2022 12:44:02.415, 10/04/2022 12:44:02.362, 4.04865e+0, 1.22008e-4, 9.68576e+1, 2.91885e-3, 1.91586e+0, 2.90261e-3, 1.20486e+4, 1.83996e+2, 1.45315e+4, 1.57597e+2, 4.11206e+2, 1.08327e+0, 1.93923e+0, 3.28854e-3, 4.16220e+2, 1.03093e+0, 5.06914e+2, 9.00048e-2, 2.22462e+1, 2.57398e-2, 2.55372e+1, 4.14888e-2, 3.72052e+0, 3.04957e-4, 3.03160e+0, 4.53350e-4, 2.00000e+1, 0.00000e+0, 1.70000e+1, 0.00000e+0, 3, -1, Disabled
10/04/2022 12:44:07.391, 10/04/2022 12:44:07.337, 4.04945e+0, 3.23939e-4, 9.68768e+1, 7.74974e-3, 1.91614e+0, 2.83887e-3, 1.19904e+4, 1.19826e+2, 1.45020e+4, 1.19388e+2, 4.10401e+2, 6.63484e-1, 1.93940e+0, 3.01286e-3, 4.15382e+2, 7.08604e-1, 5.06943e+2, 5.29964e-2, 2.22254e+1, 1.23657e-2, 2.55032e+1, 3.06233e-2, 3.72037e+0, 8.14087e-4, 3.03169e+0, 4.48263e-4, 2.00000e+1, 0.00000e+0, 1.70000e+1, 0.00000e+0, 3, -1, Disabled
10/04/2022 12:44:12.362, 10/04/2022 12:44:12.309, 4.05065e+0, 7.12561e-4, 9.69055e+1, 1.70469e-2, 1.91555e+0, 1.56791e-3, 1.19913e+4, 7.86946e+1, 1.45377e+4, 8.55819e+1, 4.09528e+2, 1.41039e+0, 1.93879e+0, 1.47145e-3, 4.14498e+2, 1.43804e+0, 5.06924e+2, 2.80120e-2, 2.22169e+1, 1.16140e-2, 2.54836e+1, 3.65155e-2, 3.72026e+0, 8.07386e-4, 3.03194e+0, 1.68683e-4, 2.00000e+1, 0.00000e+0, 1.70000e+1, 0.00000e+0, 3, -1, Disabled
10/04/2022 12:44:17.329, 10/04/2022 12:44:17.281, 4.05071e+0, 5.42553e-4, 9.69069e+1, 1.29797e-2, 1.91751e+0, 2.98187e-3, 1.18248e+4, 2.17088e+2, 1.44802e+4, 2.45059e+2, 4.08547e+2, 8.47764e-1, 1.94045e+0, 3.24102e-3, 4.13436e+2, 8.46114e-1, 5.06892e+2, 3.82424e-2, 2.22042e+1, 1.65331e-3, 2.54699e+1, 2.90865e-2, 3.72048e+0, 3.92338e-4, 3.03150e+0, 1.22589e-4, 2.00000e+1, 0.00000e+0, 1.70000e+1, 0.00000e+0, 3, -1, Disabled
10/04/2022 12:44:22.305, 10/04/2022 12:44:22.254, 4.05218e+0, 9.28958e-4, 9.69421e+1, 2.22239e-2, 1.91402e+0, 1.62334e-3, 1.17500e+4, 3.65156e+2, 1.44073e+4, 2.20054e+2, 4.07591e+2, 5.76595e-1, 1.93677e+0, 1.12433e-3, 4.12437e+2, 5.57575e-1, 5.06926e+2, 6.96987e-2, 2.22205e+1, 1.11140e-2, 2.54654e+1, 3.74982e-2, 3.72026e+0, 4.73379e-4, 3.03142e+0, 1.91509e-4, 2.00000e+1, 0.00000e+0, 1.70000e+1, 0.00000e+0, 3, -1, Disabled
10/04/2022 12:44:27.279, 10/04/2022 12:44:27.226, 4.05043e+0, 7.16530e-4, 9.69003e+1, 1.71419e-2, 1.91283e+0, 2.38861e-3, 1.19267e+4, 2.05444e+2, 1.45733e+4, 2.23739e+2, 4.06917e+2, 1.00932e+0, 1.93592e+0, 2.38956e-3, 4.11829e+2, 1.02748e+0, 5.06905e+2, 1.23671e-1, 2.22269e+1, 4.97161e-3, 2.54337e+1, 3.39305e-2, 3.72045e+0, 4.06986e-4, 3.03180e+0, 3.13118e-4, 2.00000e+1, 0.00000e+0, 1.70000e+1, 0.00000e+0, 3, -1, Disabled
10/04/2022 12:44:32.253, 10/04/2022 12:44:32.199, 4.04941e+0, 1.71562e-4, 9.68759e+1, 4.10436e-3, 1.91414e+0, 1.94428e-3, 1.16965e+4, 1.88877e+2, 1.43763e+4, 1.58664e+2, 4.06628e+2, 1.13898e+0, 1.93680e+0, 2.17214e-3, 4.11441e+2, 1.21874e+0, 5.06906e+2, 7.37232e-2, 2.22516e+1, 1.59166e-2, 2.54173e+1, 2.48009e-2, 3.72030e+0, 5.00496e-4, 3.03163e+0, 2.42659e-4, 2.00000e+1, 0.00000e+0, 1.70000e+1, 0.00000e+0, 3, -1, Disabled
10/04/2022 12:44:37.226, 10/04/2022 12:44:37.172, 4.04931e+0, 2.31138e-4, 9.68735e+1, 5.52962e-3, 1.91436e+0, 3.55893e-3, 1.19415e+4, 1.62046e+2, 1.44829e+4, 1.77887e+2, 4.07175e+2, 5.01442e-1, 1.93749e+0, 3.44559e-3, 4.12096e+2, 5.13410e-1, 5.06900e+2, 7.74871e-2, 2.22376e+1, 1.24862e-2, 2.54051e+1, 2.45889e-2, 3.72014e+0, 6.64429e-4, 3.03177e+0, 4.39922e-4, 2.00000e+1, 0.00000e+0, 1.70000e+1, 0.00000e+0, 3, -1, Disabled
10/04/2022 12:44:42.204, 10/04/2022 12:44:42.144, 4.04944e+0, 6.49018e-4, 9.68766e+1, 1.55267e-2, 1.90924e+0, 2.72564e-3, 1.16614e+4, 2.12638e+2, 1.42889e+4, 1.39868e+2, 4.07791e+2, 1.45176e+0, 1.93177e+0, 2.89041e-3, 4.12603e+2, 1.40680e+0, 5.06816e+2, 9.39434e-2, 2.22624e+1, 2.06098e-3, 2.54012e+1, 2.80943e-2, 3.72020e+0, 4.73863e-4, 3.03179e+0, 3.35616e-4, 2.00000e+1, 0.00000e+0, 1.70000e+1, 0.00000e+0, 3, -1, Disabled
10/04/2022 12:44:47.171, 10/04/2022 12:44:47.117, 4.05048e+0, 4.49993e-4, 9.69015e+1, 1.07654e-2, 1.91049e+0, 4.77259e-3, 1.18732e+4, 1.38598e+2, 1.44481e+4, 8.25950e+1, 4.07611e+2, 1.32962e+0, 1.93345e+0, 4.84849e-3, 4.12509e+2, 1.37914e+0, 5.06920e+2, 6.82486e-2, 2.22698e+1, 3.72700e-3, 2.53379e+1, 4.50221e-2, 3.71998e+0, 9.34531e-4, 3.03171e+0, 5.19609e-4, 2.00000e+1, 0.00000e+0, 1.70000e+1, 0.00000e+0, 3, -1, Disabled
10/04/2022 12:44:52.150, 10/04/2022 12:44:52.090, 4.05123e+0, 4.03549e-4, 9.69193e+1, 9.65429e-3, 1.90482e+0, 2.97406e-3, 1.17510e+4, 2.85598e+2, 1.44749e+4, 2.11122e+2, 4.08481e+2, 7.55129e-1, 1.92747e+0, 3.28637e-3, 4.13338e+2, 6.84375e-1, 5.06892e+2, 7.68589e-2, 2.22665e+1, 7.85943e-3, 2.52632e+1, 3.09289e-2, 3.72012e+0, 6.91333e-4, 3.03181e+0, 4.83731e-4, 2.00000e+1, 0.00000e+0, 1.70000e+1, 0.00000e+0, 3, -1, Disabled
10/04/2022 12:44:57.112, 10/04/2022 12:44:57.063, 4.05096e+0, 2.62917e-4, 9.69130e+1, 6.28988e-3, 1.90554e+0, 2.93124e-3, 1.20054e+4, 1.17815e+2, 1.47111e+4, 1.29672e+2, 4.09296e+2, 1.64177e+0, 1.92870e+0, 2.80609e-3, 4.14270e+2, 1.67815e+0, 5.06852e+2, 9.07173e-2, 2.22686e+1, 1.23272e-2, 2.52271e+1, 2.63158e-2, 3.71978e+0, 4.28710e-4, 3.03197e+0, 1.97284e-4, 2.00000e+1, 0.00000e+0, 1.70000e+1, 0.00000e+0, 3, -1, Disabled
10/04/2022 12:45:02.090, 10/04/2022 12:45:02.035, 4.05148e+0, 2.14968e-4, 9.69254e+1, 5.14277e-3, 1.90637e+0, 1.18507e-3, 1.19919e+4, 2.29469e+2, 1.46620e+4, 2.96566e+2, 4.08045e+2, 7.71542e-1, 1.92950e+0, 1.13039e-3, 4.12998e+2, 8.59519e-1, 5.06875e+2, 4.23092e-2, 2.22753e+1, 2.36574e-3, 2.52020e+1, 2.61733e-2, 3.72038e+0, 6.36890e-4, 3.03214e+0, 3.21961e-4, 2.00000e+1, 0.00000e+0, 1.70000e+1, 0.00000e+0, 3, -1, Disabled
10/04/2022 12:45:07.057, 10/04/2022 12:45:07.008, 4.05212e+0, 1.28321e-4, 9.69406e+1, 3.06988e-3, 1.90622e+0, 1.44304e-3, 1.21899e+4, 1.49230e+2, 1.46219e+4, 1.78407e+2, 4.07265e+2, 4.82869e-1, 1.92974e+0, 1.62714e-3, 4.12290e+2, 5.11463e-1, 5.06866e+2, 9.68107e-2, 2.22781e+1, 1.61842e-3, 2.51931e+1, 4.04157e-2, 3.72032e+0, 7.49635e-4, 3.03231e+0, 4.67389e-4, 2.00000e+1, 0.00000e+0, 1.70000e+1, 0.00000e+0, 3, -1, Disabled
10/04/2022 12:45:12.037, 10/04/2022 12:45:11.981, 4.05204e+0, 3.47211e-4, 9.69387e+1, 8.30649e-3, 1.90715e+0, 2.07664e-3, 1.21472e+4, 2.19176e+2, 1.47596e+4, 1.57652e+2, 4.05943e+2, 8.61061e-1, 1.93060e+0, 2.24822e-3, 4.10935e+2, 8.46622e-1, 5.06888e+2, 5.45719e-2, 2.22650e+1, 1.61356e-2, 2.52163e+1, 4.53376e-2, 3.71987e+0, 7.68754e-4, 3.03236e+0, 4.61699e-4, 2.00000e+1, 0.00000e+0, 1.70000e+1, 0.00000e+0, 3, -1, Disabled
10/04/2022 12:45:17.004, 10/04/2022 12:45:16.953, 4.05341e+0, 3.70750e-4, 9.69716e+1, 8.86961e-3, 1.90740e+0, 2.71187e-3, 1.20946e+4, 1.17445e+2, 1.46102e+4, 1.62118e+2, 4.06593e+2, 6.94322e-1, 1.93076e+0, 2.95888e-3, 4.11570e+2, 6.65178e-1, 5.06889e+2, 8.17329e-2, 2.22913e+1, 1.21933e-2, 2.52724e+1, 4.21409e-2, 3.72038e+0, 8.72510e-4, 3.03218e+0, 4.01300e-4, 2.00000e+1, 0.00000e+0, 1.70000e+1, 0.00000e+0, 3, -1, Disabled
10/04/2022 12:45:21.979, 10/04/2022 12:45:21.925, 4.05258e+0, 4.38917e-4, 9.69518e+1, 1.05004e-2, 1.90721e+0, 4.45183e-3, 1.15408e+4, 1.00833e+3, 1.44598e+4, 2.05566e+2, 4.04482e+2, 1.36937e+0, 1.92949e+0, 6.24239e-3, 4.09204e+2, 1.35188e+0, 5.06923e+2, 7.82359e-2, 2.22812e+1, 1.78242e-2, 2.53008e+1, 3.23484e-2, 3.72045e+0, 7.53472e-4, 3.03223e+0, 3.83610e-4, 2.00000e+1, 0.00000e+0, 1.70000e+1, 0.00000e+0, 3, -1, Disabled
10/04/2022 12:45:26.954, 10/04/2022 12:45:26.898, 4.05228e+0, 6.68756e-4, 9.69446e+1, 1.59989e-2, 1.90671e+0, 1.84409e-3, 1.10529e+4, 1.07183e+3, 1.45015e+4, 1.05993e+2, 4.04001e+2, 2.01757e+0, 1.92802e+0, 3.64092e-3, 4.08518e+2, 2.38425e+0, 5.06929e+2, 5.75621e-2, 2.22531e+1, 9.56831e-3, 2.53158e+1, 2.41375e-2, 3.71989e+0, 4.50266e-4, 3.03272e+0, 2.67410e-4, 2.00000e+1, 0.00000e+0, 1.70000e+1, 0.00000e+0, 3, -1, Disabled
10/04/2022 12:45:31.923, 10/04/2022 12:45:31.871, 4.05188e+0, 2.84464e-4, 9.69350e+1, 6.80536e-3, 1.90620e+0, 4.60255e-3, 1.03276e+4, 1.02473e+3, 1.45256e+4, 2.39382e+2, 4.05355e+2, 1.12589e+0, 1.92610e+0, 5.48932e-3, 4.09585e+2, 1.20926e+0, 5.06920e+2, 3.63097e-2, 2.22532e+1, 3.04021e-3, 2.53016e+1, 2.45579e-2, 3.71962e+0, 7.67334e-4, 3.03259e+0, 6.77354e-4, 2.00000e+1, 0.00000e+0, 1.70000e+1, 0.00000e+0, 3, -1, Disabled
10/04/2022 12:45:36.890, 10/04/2022 12:45:36.844, 4.05200e+0, 2.45173e-4, 9.69377e+1, 5.86538e-3, 1.90710e+0, 3.96070e-3, 1.16922e+4, 1.05093e+2, 1.44358e+4, 1.35604e+2, 4.05759e+2, 1.12770e+0, 1.92966e+0, 3.97911e-3, 4.10560e+2, 1.14319e+0, 5.06936e+2, 5.93020e-2, 2.22452e+1, 1.85368e-3, 2.52655e+1, 3.15841e-2, 3.71958e+0, 3.87881e-4, 3.03284e+0, 3.86404e-4, 2.00000e+1, 0.00000e+0, 1.70000e+1, 0.00000e+0, 3, -1, Disabled
10/04/2022 12:45:41.869, 10/04/2022 12:45:41.817, 4.05225e+0, 4.33888e-4, 9.69438e+1, 1.03801e-2, 1.90300e+0, 1.38481e-3, 1.17740e+4, 2.09631e+2, 1.45675e+4, 1.60923e+2, 4.08218e+2, 8.37829e-1, 1.92567e+0, 1.47037e-3, 4.13082e+2, 8.24063e-1, 5.06933e+2, 8.00565e-2, 2.22375e+1, 2.93619e-3, 2.52907e+1, 3.30892e-2, 3.71947e+0, 2.42344e-4, 3.03286e+0, 3.32482e-4, 2.00000e+1, 0.00000e+0, 1.70000e+1, 0.00000e+0, 3, -1, Disabled
10/04/2022 12:45:46.845, 10/04/2022 12:45:46.789, 4.05237e+0, 2.06670e-4, 9.69466e+1, 4.94426e-3, 1.90359e+0, 1.71546e-3, 1.18345e+4, 2.07754e+2, 1.46264e+4, 1.55820e+2, 4.11302e+2, 1.70407e+0, 1.92639e+0, 1.81135e-3, 4.16227e+2, 1.70529e+0, 5.06933e+2, 6.17012e-2, 2.22329e+1, 7.54858e-3, 2.53232e+1, 3.10970e-2, 3.71907e+0, 7.55374e-4, 3.03270e+0, 1.85172e-4, 2.00000e+1, 0.00000e+0, 1.70000e+1, 0.00000e+0, 3, -1, Disabled
10/04/2022 12:45:51.821, 10/04/2022 12:45:51.763, 4.05329e+0, 5.79578e-4, 9.69686e+1, 1.38655e-2, 1.90335e+0, 2.88416e-3, 1.18012e+4, 1.21867e+2, 1.46563e+4, 1.07368e+2, 4.14287e+2, 8.32490e-1, 1.92608e+0, 2.98556e-3, 4.19235e+2, 8.13682e-1, 5.06938e+2, 5.59432e-2, 2.22149e+1, 3.43847e-3, 2.53318e+1, 3.60229e-2, 3.71935e+0, 2.04951e-4, 3.03277e+0, 2.76792e-4, 2.00000e+1, 0.00000e+0, 1.70000e+1, 0.00000e+0, 3, -1, Disabled
10/04/2022 12:45:56.798, 10/04/2022 12:45:56.734, 4.05404e+0, 2.88215e-4, 9.69866e+1, 6.89511e-3, 1.90284e+0, 1.68323e-3, 1.18681e+4, 1.60086e+2, 1.46520e+4, 1.64029e+2, 4.15236e+2, 7.80217e-1, 1.92570e+0, 1.69091e-3, 4.20223e+2, 7.57119e-1, 5.06903e+2, 7.10001e-2, 2.22079e+1, 1.22816e-3, 2.53677e+1, 2.59006e-2, 3.71919e+0, 7.91325e-4, 3.03285e+0, 3.75237e-4, 2.00000e+1, 0.00000e+0, 1.70000e+1, 0.00000e+0, 3, -1, Disabled
10/04/2022 12:46:01.761, 10/04/2022 12:46:01.708, 4.05342e+0, 5.76039e-4, 9.69719e+1, 1.37808e-2, 1.90269e+0, 3.08967e-3, 1.17921e+4, 1.41358e+2, 1.46019e+4, 7.40952e+1, 4.15241e+2, 1.07847e+0, 1.92539e+0, 2.92838e-3, 4.20196e+2, 1.06342e+0, 5.06895e+2, 5.61829e-2, 2.22061e+1, 5.38854e-4, 2.53718e+1, 2.54677e-2, 3.71917e+0, 4.30635e-4, 3.03289e+0, 1.82596e-4, 2.00000e+1, 0.00000e+0, 1.70000e+1, 0.00000e+0, 3, -1, Disabled
10/04/2022 12:46:06.736, 10/04/2022 12:46:06.681, 4.05325e+0, 2.33698e-4, 9.69677e+1, 5.59087e-3, 1.90208e+0, 1.63237e-3, 1.17291e+4, 1.89998e+2, 1.46816e+4, 1.06723e+2, 4.16137e+2, 1.24087e+0, 1.92465e+0, 1.89213e-3, 4.21076e+2, 1.33244e+0, 5.06900e+2, 6.38614e-2, 2.22065e+1, 6.42296e-4, 2.53433e+1, 2.91779e-2, 3.71919e+0, 4.69999e-4, 3.03281e+0, 4.56784e-4, 2.00000e+1, 0.00000e+0, 1.70000e+1, 0.00000e+0, 3, -1, Disabled
10/04/2022 12:46:11.714, 10/04/2022 12:46:11.660, 4.05400e+0, 5.40048e-4, 9.69856e+1, 1.29198e-2, 1.90231e+0, 9.57255e-4, 1.16574e+4, 2.07454e+2, 1.44602e+4, 7.78256e+1, 4.17547e+2, 1.02703e+0, 1.92475e+0, 1.32164e-3, 4.22473e+2, 1.11027e+0, 5.06911e+2, 7.55173e-2, 2.22130e+1, 1.25294e-2, 2.53178e+1, 2.10813e-2, 3.71922e+0, 7.85428e-4, 3.03286e+0, 3.89012e-4, 2.00000e+1, 0.00000e+0, 1.70000e+1, 0.00000e+0, 3, -1, Disabled
10/04/2022 12:46:16.680, 10/04/2022 12:46:16.632, 4.05628e+0, 9.62403e-4, 9.70402e+1, 2.30240e-2, 1.90022e+0, 2.46830e-3, 1.17057e+4, 8.69175e+1, 1.46014e+4, 1.33837e+2, 4.18200e+2, 7.62769e-1, 1.92272e+0, 2.53083e-3, 4.23153e+2, 7.72620e-1, 5.06937e+2, 6.06316e-2, 2.22085e+1, 5.36255e-3, 2.53352e+1, 3.52302e-2, 3.71894e+0, 2.08826e-4, 3.03285e+0, 2.22604e-4, 2.00000e+1, 0.00000e+0, 1.70000e+1, 0.00000e+0, 3, -1, Disabled
10/04/2022 12:46:21.660, 10/04/2022 12:46:21.605, 4.05797e+0, 1.18416e-3, 9.70806e+1, 2.83291e-2, 1.89968e+0, 4.07916e-3, 1.18979e+4, 2.46948e+2, 1.46887e+4, 1.75299e+2, 4.19409e+2, 8.38994e-1, 1.92255e+0, 4.37901e-3, 4.24459e+2, 7.78271e-1, 5.06895e+2, 6.44060e-2, 2.22105e+1, 6.02542e-3, 2.53418e+1, 3.11271e-2, 3.71915e+0, 5.64636e-4, 3.03266e+0, 5.94819e-4, 2.00000e+1, 0.00000e+0, 1.70000e+1, 0.00000e+0, 3, -1, Disabled
10/04/2022 12:46:26.634, 10/04/2022 12:46:26.578, 4.05889e+0, 7.42875e-4, 9.71027e+1, 1.77721e-2, 1.90250e+0, 1.45721e-3, 1.19711e+4, 2.40148e+2, 1.47371e+4, 1.91337e+2, 4.20617e+2, 5.63203e-1, 1.92555e+0, 1.10975e-3, 4.25713e+2, 4.83103e-1, 5.06918e+2, 2.73345e-2, 2.22033e+1, 1.01551e-2, 2.53762e+1, 3.50160e-2, 3.71898e+0, 3.81849e-4, 3.03268e+0, 1.85182e-4, 2.00000e+1, 0.00000e+0, 1.70000e+1, 0.00000e+0, 3, -1, Disabled
10/04/2022 12:46:31.609, 10/04/2022 12:46:31.550, 4.05611e+0, 1.60451e-3, 9.70362e+1, 3.83855e-2, 1.89753e+0, 3.09649e-3, 1.19751e+4, 2.33536e+2, 1.46932e+4, 1.09917e+2, 4.21905e+2, 8.16138e-1, 1.92053e+0, 3.09735e-3, 4.27018e+2, 8.12850e-1, 5.06932e+2, 2.62623e-2, 2.21873e+1, 5.27979e-3, 2.53895e+1, 2.08921e-2, 3.71919e+0, 6.49494e-4, 3.03294e+0, 4.08129e-4, 2.00000e+1, 0.00000e+0, 1.70000e+1, 0.00000e+0, 3, -1, Disabled
10/04/2022 12:46:36.577, 10/04/2022 12:46:36.523, 4.05379e+0, 2.85628e-4, 9.69807e+1, 6.83321e-3, 1.89767e+0, 1.94473e-3, 1.19624e+4, 2.36150e+2, 1.47664e+4, 2.34944e+2, 4.22777e+2, 4.28947e-1, 1.92064e+0, 2.26068e-3, 4.27896e+2, 4.29671e-1, 5.06940e+2, 7.86976e-2, 2.21932e+1, 5.58340e-3, 2.53973e+1, 1.51718e-2, 3.71938e+0, 6.99644e-4, 3.03284e+0, 1.85213e-4, 2.00000e+1, 0.00000e+0, 1.70000e+1, 0.00000e+0, 3, -1, Disabled
10/04/2022 12:46:41.542, 10/04/2022 12:46:41.496, 4.05468e+0, 3.30790e-4, 9.70020e+1, 7.91363e-3, 1.89487e+0, 1.90239e-3, 1.16495e+4, 1.95846e+2, 1.45314e+4, 1.79136e+2, 4.21535e+2, 1.01681e+0, 1.91721e+0, 2.02527e-3, 4.26503e+2, 1.08290e+0, 5.06919e+2, 5.45487e-2, 2.21961e+1, 1.90716e-2, 2.53952e+1, 2.23856e-2, 3.71966e+0, 4.33311e-4, 3.03314e+0, 2.33061e-4, 2.00000e+1, 0.00000e+0, 1.70000e+1, 0.00000e+0, 3, -1, Disabled
10/04/2022 12:46:46.527, 10/04/2022 12:46:46.475, 4.05516e+0, 6.78284e-4, 9.70134e+1, 1.62269e-2, 1.89666e+0, 3.87368e-3, 1.17573e+4, 2.78161e+2, 1.45727e+4, 9.88127e+1, 4.21446e+2, 1.56904e+0, 1.91923e+0, 4.01525e-3, 4.26460e+2, 1.59007e+0, 5.06947e+2, 5.90949e-2, 2.21833e+1, 1.29418e-2, 2.53997e+1, 1.20112e-2, 3.71965e+0, 4.19242e-4, 3.03300e+0, 3.53617e-4, 2.00000e+1, 0.00000e+0, 1.70000e+1, 0.00000e+0, 3, -1, Disabled
10/04/2022 12:46:51.500, 10/04/2022 12:46:51.449, 4.05682e+0, 4.09253e-4, 9.70531e+1, 9.79073e-3, 1.89708e+0, 2.75497e-3, 1.14797e+4, 8.56372e+2, 1.46151e+4, 1.65361e+2, 4.20133e+2, 1.00373e+0, 1.91911e+0, 3.67801e-3, 4.25012e+2, 8.00352e-1, 5.06939e+2, 2.90898e-2, 2.21823e+1, 1.03099e-2, 2.53980e+1, 2.07102e-2, 3.71932e+0, 4.66154e-4, 3.03290e+0, 5.13570e-4, 2.00000e+1, 0.00000e+0, 1.70000e+1, 0.00000e+0, 3, -1, Disabled
10/04/2022 12:46:56.473, 10/04/2022 12:46:56.421, 4.05959e+0, 1.44616e-3, 9.71195e+1, 3.45972e-2, 1.90411e+0, 3.22219e-3, 1.15238e+4, 7.41880e+2, 1.47012e+4, 2.26771e+2, 4.16972e+2, 4.11009e+0, 1.92631e+0, 2.65003e-3, 4.21836e+2, 4.44924e+0, 5.06945e+2, 3.84190e-2, 2.21762e+1, 1.38919e-3, 2.54019e+1, 3.60117e-2, 3.71929e+0, 4.23053e-4, 3.03297e+0, 3.73382e-4, 2.00000e+1, 0.00000e+0, 1.70000e+1, 0.00000e+0, 3, -1, Disabled
10/04/2022 12:47:01.449, 10/04/2022 12:47:01.393, 4.05534e+0, 3.50309e-4, 9.70178e+1, 8.38060e-3, 1.91399e+0, 2.26971e-3, 1.17265e+4, 3.28673e+2, 1.45986e+4, 1.89534e+2, 4.17607e+2, 1.01582e+1, 1.93670e+0, 2.39659e-3, 4.22562e+2, 1.03003e+1, 5.06930e+2, 5.75243e-2, 2.21770e+1, 7.81801e-3, 2.54078e+1, 2.86779e-2, 3.71927e+0, 5.63127e-4, 3.03304e+0, 4.60212e-4, 2.00000e+1, 0.00000e+0, 1.70000e+1, 0.00000e+0, 3, -1, Disabled
10/04/2022 12:47:06.416, 10/04/2022 12:47:06.366, 4.05855e+0, 2.18774e-3, 9.70946e+1, 5.23382e-2, 1.91427e+0, 3.07498e-3, 1.16578e+4, 1.61260e+2, 1.44652e+4, 1.04600e+2, 4.12719e+2, 2.27087e+0, 1.93685e+0, 3.05534e-3, 4.17587e+2, 2.24046e+0, 5.06934e+2, 4.92468e-2, 2.21697e+1, 1.49129e-2, 2.54131e+1, 1.17684e-2, 3.71954e+0, 5.27773e-4, 3.03317e+0, 4.02348e-4, 2.00000e+1, 0.00000e+0, 1.70000e+1, 0.00000e+0, 3, -1, Disabled
10/04/2022 12:47:11.392, 10/04/2022 12:47:11.338, 4.05932e+0, 1.77724e-3, 9.71128e+1, 4.25176e-2, 1.91298e+0, 2.01820e-3, 1.16459e+4, 1.25172e+2, 1.43370e+4, 1.77197e+2, 4.13310e+2, 2.08869e+0, 1.93552e+0, 2.07316e-3, 4.18180e+2, 2.12803e+0, 5.06939e+2, 6.85735e-2, 2.21676e+1, 1.09865e-2, 2.54509e+1, 3.71081e-2, 3.71923e+0, 6.75988e-4, 3.03332e+0, 5.02342e-4, 2.00000e+1, 0.00000e+0, 1.70000e+1, 0.00000e+0, 3, -1, Disabled
10/04/2022 12:47:16.373, 10/04/2022 12:47:16.311, 4.05906e+0, 1.17214e-3, 9.71066e+1, 2.80416e-2, 1.91501e+0, 1.42130e-3, 1.16397e+4, 2.18123e+2, 1.43804e+4, 1.14427e+2, 4.19301e+2, 1.43260e+0, 1.93757e+0, 1.37158e-3, 4.24239e+2, 1.52810e+0, 5.06914e+2, 6.40382e-2, 2.21561e+1, 2.39904e-3, 2.54625e+1, 2.31138e-2, 3.71913e+0, 5.84577e-4, 3.03313e+0, 5.91200e-4, 2.00000e+1, 0.00000e+0, 1.70000e+1, 0.00000e+0, 3, -1, Disabled
10/04/2022 12:47:21.337, 10/04/2022 12:47:21.285, 4.06047e+0, 8.96964e-4, 9.71405e+1, 2.14585e-2, 1.91348e+0, 1.52414e-3, 1.19801e+4, 8.92216e+1, 1.46579e+4, 1.40858e+2, 4.19063e+2, 2.10799e+0, 1.93668e+0, 1.67874e-3, 4.24145e+2, 2.11485e+0, 5.06928e+2, 3.60211e-2, 2.21512e+1, 9.53755e-3, 2.54415e+1, 2.65292e-2, 3.71869e+0, 5.98649e-4, 3.03301e+0, 5.27016e-4, 2.00000e+1, 0.00000e+0, 1.70000e+1, 0.00000e+0, 3, -1, Disabled
10/04/2022 12:47:26.312, 10/04/2022 12:47:26.257, 4.05949e+0, 1.51519e-3, 9.71170e+1, 3.62487e-2, 1.91364e+0, 4.19940e-3, 1.18246e+4, 1.59686e+2, 1.45356e+4, 1.74568e+2, 4.24444e+2, 2.11156e+0, 1.93654e+0, 4.34278e-3, 4.29523e+2, 2.17055e+0, 5.06940e+2, 6.01548e-2, 2.21466e+1, 1.25506e-2, 2.54354e+1, 8.08324e-3, 3.71878e+0, 5.12480e-4, 3.03309e+0, 3.67975e-4, 2.00000e+1, 0.00000e+0, 1.70000e+1, 0.00000e+0, 3, -1, Disabled
10/04/2022 12:47:31.287, 10/04/2022 12:47:31.237, 4.05772e+0, 1.30161e-3, 9.70746e+1, 3.11390e-2, 1.91085e+0, 3.06850e-3, 1.19058e+4, 8.73451e+1, 1.47330e+4, 1.02600e+2, 4.28615e+2, 1.08992e+0, 1.93388e+0, 3.05280e-3, 4.33779e+2, 1.11439e+0, 5.06908e+2, 5.18522e-2, 2.21305e+1, 3.57177e-3, 2.54160e+1, 2.00122e-2, 3.71866e+0, 1.65667e-4, 3.03313e+0, 3.15057e-4, 2.00000e+1, 0.00000e+0, 1.70000e+1, 0.00000e+0, 3, -1, Disabled
10/04/2022 12:47:36.265, 10/04/2022 12:47:36.208, 4.06232e+0, 1.12962e-3, 9.71848e+1, 2.70245e-2, 1.91339e+0, 1.55324e-3, 1.17809e+4, 2.25594e+2, 1.46286e+4, 2.20852e+2, 4.31645e+2, 1.71160e+0, 1.93620e+0, 1.60067e-3, 4.36791e+2, 1.65861e+0, 5.06933e+2, 5.05054e-2, 2.21316e+1, 1.31886e-2, 2.54479e+1, 2.15718e-2, 3.71833e+0, 5.88426e-4, 3.03343e+0, 2.08392e-4, 2.00000e+1, 0.00000e+0, 1.70000e+1, 0.00000e+0, 3, -1, Disabled
10/04/2022 12:47:41.230, 10/04/2022 12:47:41.181, 4.06188e+0, 1.46838e-3, 9.71742e+1, 3.51288e-2, 1.91251e+0, 1.88768e-3, 1.20000e+4, 2.59603e+2, 1.46932e+4, 2.32190e+2, 4.39561e+2, 3.09314e+0, 1.93574e+0, 1.95191e-3, 4.44899e+2, 3.07851e+0, 5.06916e+2, 3.74709e-2, 2.21271e+1, 6.55955e-3, 2.54704e+1, 2.79000e-2, 3.71870e+0, 5.32002e-4, 3.03334e+0, 3.00894e-4, 2.00000e+1, 0.00000e+0, 1.70000e+1, 0.00000e+0, 3, -1, Disabled
10/04/2022 12:47:46.212, 10/04/2022 12:47:46.154, 4.06219e+0, 9.63174e-4, 9.71815e+1, 2.30424e-2, 1.91369e+0, 2.68312e-3, 1.18479e+4, 1.19900e+2, 1.45686e+4, 1.24379e+2, 4.52857e+2, 2.85056e+0, 1.93664e+0, 2.89881e-3, 4.58286e+2, 2.85484e+0, 5.06912e+2, 3.93388e-2, 2.21310e+1, 1.02987e-2, 2.54804e+1, 2.43906e-2, 3.71798e+0, 1.95663e-4, 3.03349e+0, 3.06866e-4, 2.00000e+1, 0.00000e+0, 1.70000e+1, 0.00000e+0, 3, -1, Disabled
10/04/2022 12:47:51.183, 10/04/2022 12:47:51.126, 4.06042e+0, 1.36912e-3, 9.71391e+1, 3.27541e-2, 1.91133e+0, 2.71050e-3, 1.18512e+4, 3.00952e+2, 1.45207e+4, 2.22061e+2, 4.60382e+2, 3.40621e+0, 1.93425e+0, 2.86822e-3, 4.65903e+2, 3.47163e+0, 5.06908e+2, 7.57447e-2, 2.21444e+1, 1.69262e-2, 2.55156e+1, 1.81205e-2, 3.71827e+0, 1.47989e-4, 3.03364e+0, 4.13269e-4, 2.00000e+1, 0.00000e+0, 1.70000e+1, 0.00000e+0, 3, -1, Disabled
10/04/2022 12:47:56.152, 10/04/2022 12:47:56.101, 4.06418e+0, 1.23286e-3, 9.72292e+1, 2.94943e-2, 1.91285e+0, 3.66716e-3, 1.19450e+4, 2.55354e+2, 1.46720e+4, 2.39821e+2, 4.68068e+2, 1.73699e+0, 1.93597e+0, 3.97894e-3, 4.73727e+2, 1.73338e+0, 5.06921e+2, 6.25853e-2, 2.21448e+1, 1.45648e-2, 2.55525e+1, 2.66153e-2, 3.71854e+0, 3.73934e-4, 3.03330e+0, 4.77040e-4, 2.00000e+1, 0.00000e+0, 1.70000e+1, 0.00000e+0, 3, -1, Disabled
10/04/2022 12:48:01.125, 10/04/2022 12:48:01.073, 4.06599e+0, 5.04585e-4, 9.72724e+1, 1.20714e-2, 1.91289e+0, 3.08068e-3, 9.93652e+3, 1.45466e+3, 1.45534e+4, 1.34057e+2, 4.73252e+2, 1.92537e+0, 1.93210e+0, 3.64136e-3, 4.78001e+2, 1.56703e+0, 5.06887e+2, 5.58372e-2, 2.21587e+1, 2.47922e-2, 2.55712e+1, 5.01883e-2, 3.71835e+0, 5.29263e-4, 3.03292e+0, 6.37781e-4, 2.00000e+1, 0.00000e+0, 1.88000e+1, 1.64317e+0, 3, -1, Disabled
10/04/2022 12:48:06.097, 10/04/2022 12:48:06.045, 4.06535e+0, 1.31602e-3, 9.72572e+1, 3.14837e-2, 1.91210e+0, 5.07503e-3, 8.74852e+3, 2.29257e+2, 1.45261e+4, 2.20329e+2, 4.76150e+2, 1.69825e+0, 1.92898e+0, 5.25811e-3, 4.80353e+2, 1.75117e+0, 5.06921e+2, 3.29456e-2, 2.21436e+1, 1.37956e-2, 2.55882e+1, 3.29564e-2, 3.71865e+0, 7.84731e-4, 3.03302e+0, 1.31850e-4, 2.00000e+1, 0.00000e+0, 2.00000e+1, 0.00000e+0, 3, -1, Disabled
10/04/2022 12:48:11.072, 10/04/2022 12:48:11.018, 4.06154e+0, 9.94323e-4, 9.71659e+1, 2.37876e-2, 1.91255e+0, 3.26209e-3, 8.99599e+3, 1.17297e+2, 1.47371e+4, 1.32102e+2, 4.78581e+2, 9.38907e-1, 1.92991e+0, 3.21811e-3, 4.82925e+2, 9.67002e-1, 5.06925e+2, 6.61487e-2, 2.21423e+1, 1.70799e-3, 2.56189e+1, 2.21124e-2, 3.71866e+0, 7.59536e-4, 3.03299e+0, 3.71819e-4, 2.00000e+1, 0.00000e+0, 2.00000e+1, 0.00000e+0, 3, -1, Disabled
10/04/2022 12:48:16.046, 10/04/2022 12:48:15.990, 4.06002e+0, 4.41302e-4, 9.71296e+1, 1.05575e-2, 1.91068e+0, 3.88927e-3, 8.87323e+3, 2.10328e+2, 1.46148e+4, 1.92815e+2, 4.82084e+2, 1.22017e+0, 1.92778e+0, 3.84913e-3, 4.86400e+2, 1.18407e+0, 5.06903e+2, 5.05956e-2, 2.21402e+1, 1.74241e-3, 2.56077e+1, 2.74603e-2, 3.71833e+0, 4.53584e-4, 3.03273e+0, 3.33749e-4, 2.00000e+1, 0.00000e+0, 2.00000e+1, 0.00000e+0, 3, -1, Disabled
10/04/2022 12:48:21.017, 10/04/2022 12:48:20.963, 4.06050e+0, 5.24403e-4, 9.71411e+1, 1.25455e-2, 1.91413e+0, 1.98875e-3, 8.78198e+3, 1.47882e+2, 1.45260e+4, 1.19233e+2, 4.84538e+2, 2.98442e-1, 1.93109e+0, 2.17873e-3, 4.88831e+2, 2.75877e-1, 5.06900e+2, 6.63505e-2, 2.21607e+1, 3.32995e-2, 2.56139e+1, 2.40122e-2, 3.71844e+0, 9.30433e-4, 3.03322e+0, 3.04303e-4, 2.00000e+1, 0.00000e+0, 2.00000e+1, 0.00000e+0, 3, -1, Disabled
10/04/2022 12:48:25.993, 10/04/2022 12:48:25.936, 4.06097e+0, 1.28899e-3, 9.71523e+1, 3.08371e-2, 1.91382e+0, 2.64475e-3, 8.78659e+3, 1.41625e+2, 1.44640e+4, 1.41413e+2, 4.86882e+2, 1.19960e+0, 1.93079e+0, 2.65869e-3, 4.91198e+2, 1.26070e+0, 5.06864e+2, 7.51847e-2, 2.20996e+1, 1.24155e-2, 2.55875e+1, 1.88784e-2, 3.71840e+0, 5.63168e-4, 3.03280e+0, 2.74657e-4, 2.00000e+1, 0.00000e+0, 2.00000e+1, 0.00000e+0, 3, -1, Disabled
10/04/2022 12:48:30.981, 10/04/2022 12:48:30.915, 4.06004e+0, 8.69003e-4, 9.71301e+1, 2.07895e-2, 1.91259e+0, 4.04153e-3, 8.88080e+3, 2.20147e+2, 1.46065e+4, 1.68112e+2, 4.89961e+2, 1.00961e+0, 1.92973e+0, 4.04626e-3, 4.94351e+2, 9.32571e-1, 5.06847e+2, 2.98007e-2, 2.20896e+1, 8.18857e-4, 2.56148e+1, 2.71791e-2, 3.71828e+0, 5.32757e-4, 3.03261e+0, 2.08121e-4, 2.00000e+1, 0.00000e+0, 2.00000e+1, 0.00000e+0, 3, -1, Disabled
10/04/2022 12:48:35.943, 10/04/2022 12:48:35.889, 4.06163e+0, 4.87003e-4, 9.71682e+1, 1.16508e-2, 1.91144e+0, 5.00076e-3, 8.62065e+3, 1.66920e+2, 1.43811e+4, 1.75855e+2, 4.91604e+2, 9.05918e-1, 1.92807e+0, 5.18087e-3, 4.95878e+2, 8.59610e-1, 5.06869e+2, 4.86099e-2, 2.20891e+1, 3.25903e-4, 2.56496e+1, 3.67515e-2, 3.71834e+0, 4.56175e-4, 3.03270e+0, 2.27234e-4, 2.00000e+1, 0.00000e+0, 2.00000e+1, 0.00000e+0, 3, -1, Disabled
10/04/2022 12:48:40.926, 10/04/2022 12:48:40.860, 4.06394e+0, 1.06112e-3, 9.72234e+1, 2.53857e-2, 1.91287e+0, 2.58419e-3, 8.61117e+3, 2.92936e+2, 1.42837e+4, 3.09830e+2, 4.94485e+2, 1.35632e+0, 1.92948e+0, 2.72209e-3, 4.98781e+2, 1.38159e+0, 5.06844e+2, 4.36898e-2, 2.20886e+1, 6.92457e-4, 2.56622e+1, 1.70709e-2, 3.71869e+0, 6.00075e-4, 3.03272e+0, 4.25084e-4, 2.00000e+1, 0.00000e+0, 2.00000e+1, 0.00000e+0, 3, -1, Disabled
10/04/2022 12:48:45.890, 10/04/2022 12:48:45.833, 4.06377e+0, 1.21151e-3, 9.72193e+1, 2.89835e-2, 1.91318e+0, 3.36739e-3, 8.73501e+3, 1.72604e+2, 1.44720e+4, 2.38608e+2, 4.96565e+2, 1.02580e+0, 1.93003e+0, 3.52451e-3, 5.00941e+2, 9.91816e-1, 5.06866e+2, 7.80152e-2, 2.20856e+1, 6.18756e-4, 2.56456e+1, 1.40609e-2, 3.71877e+0, 6.71512e-4, 3.03288e+0, 1.46344e-4, 2.00000e+1, 0.00000e+0, 2.00000e+1, 0.00000e+0, 3, -1, Disabled
10/04/2022 12:48:50.866, 10/04/2022 12:48:50.806, 4.06358e+0, 1.05642e-3, 9.72149e+1, 2.52731e-2, 1.91311e+0, 3.72892e-3, 8.82576e+3, 1.45641e+2, 1.44899e+4, 1.78068e+2, 4.98957e+2, 9.80685e-1, 1.93014e+0, 3.82377e-3, 5.03400e+2, 9.95422e-1, 5.06882e+2, 6.65222e-2, 2.20834e+1, 7.45022e-4, 2.56705e+1, 3.24545e-2, 3.71834e+0, 3.79533e-4, 3.03269e+0, 3.85053e-4, 2.00000e+1, 0.00000e+0, 2.00000e+1, 0.00000e+0, 3, -1, Disabled
10/04/2022 12:48:55.835, 10/04/2022 12:48:55.778, 4.06504e+0, 9.92477e-4, 9.72497e+1, 2.37435e-2, 1.91037e+0, 2.41176e-3, 8.67989e+3, 7.76755e+1, 1.44194e+4, 1.64417e+2, 5.02069e+2, 1.59299e+0, 1.92710e+0, 2.43585e-3, 5.06465e+2, 1.62428e+0, 5.06867e+2, 7.41701e-2, 2.20825e+1, 2.24765e-4, 2.56600e+1, 2.87544e-2, 3.71834e+0, 2.20869e-4, 3.03287e+0, 3.99995e-4, 2.00000e+1, 0.00000e+0, 2.00000e+1, 0.00000e+0, 3, -1, Disabled
10/04/2022 12:49:00.807, 10/04/2022 12:49:00.752, 4.06726e+0, 2.23891e-4, 9.73028e+1, 5.35624e-3, 1.91183e+0, 2.08890e-3, 8.69620e+3, 2.47916e+2, 1.44450e+4, 2.21640e+2, 5.04680e+2, 1.35205e+0, 1.92860e+0, 1.93392e-3, 5.09107e+2, 1.45583e+0, 5.06861e+2, 2.59833e-2, 2.20824e+1, 4.26082e-3, 2.56721e+1, 1.79290e-2, 3.71834e+0, 1.79109e-4, 3.03277e+0, 4.70935e-4, 2.00000e+1, 0.00000e+0, 2.00000e+1, 0.00000e+0, 3, -1, Disabled
10/04/2022 12:49:05.778, 10/04/2022 12:49:05.725, 4.06712e+0, 1.43236e-3, 9.72996e+1, 3.42669e-2, 1.91293e+0, 1.70720e-3, 8.65984e+3, 1.25908e+2, 1.43732e+4, 1.16144e+2, 5.07732e+2, 5.46613e-1, 1.92964e+0, 1.78109e-3, 5.12168e+2, 5.39601e-1, 5.06858e+2, 3.99332e-2, 2.20783e+1, 3.14089e-4, 2.56847e+1, 2.74828e-2, 3.71848e+0, 5.47582e-4, 3.03268e+0, 4.32482e-4, 2.00000e+1, 0.00000e+0, 2.00000e+1, 0.00000e+0, 3, -1, Disabled
10/04/2022 12:49:10.747, 10/04/2022 12:49:10.698, 4.06588e+0, 1.54516e-3, 9.72699e+1, 3.69655e-2, 1.91267e+0, 5.67367e-3, 8.59474e+3, 2.11548e+2, 1.43558e+4, 1.65616e+2, 5.09728e+2, 1.38195e+0, 1.92925e+0, 6.04229e-3, 5.14147e+2, 1.48076e+0, 5.06858e+2, 5.80257e-2, 2.20787e+1, 4.35428e-4, 2.56961e+1, 2.33080e-2, 3.71810e+0, 5.20731e-4, 3.03241e+0, 3.35490e-4, 2.00000e+1, 0.00000e+0, 2.00000e+1, 0.00000e+0, 3, -1, Disabled
10/04/2022 12:49:15.728, 10/04/2022 12:49:15.670, 4.06682e+0, 1.33332e-3, 9.72924e+1, 3.18976e-2, 1.91512e+0, 3.95006e-3, 8.90346e+3, 1.92406e+2, 1.45582e+4, 1.11139e+2, 5.12560e+2, 1.46169e+0, 1.93233e+0, 3.84840e-3, 5.17165e+2, 1.50995e+0, 5.06843e+2, 5.36269e-2, 2.20785e+1, 3.85399e-4, 2.56822e+1, 2.91220e-2, 3.71802e+0, 6.26440e-4, 3.03273e+0, 4.37674e-4, 2.00000e+1, 0.00000e+0, 2.00000e+1, 0.00000e+0, 3, -1, Disabled
10/04/2022 12:49:20.696, 10/04/2022 12:49:20.642, 4.06679e+0, 1.13531e-3, 9.72915e+1, 2.71605e-2, 1.91384e+0, 3.15850e-3, 8.66056e+3, 2.20884e+2, 1.43669e+4, 2.05876e+2, 5.14511e+2, 1.36869e+0, 1.93056e+0, 3.44640e-3, 5.19005e+2, 1.30448e+0, 5.06844e+2, 4.62726e-2, 2.20777e+1, 4.75421e-4, 2.56754e+1, 1.91910e-2, 3.71819e+0, 6.50697e-4, 3.03239e+0, 2.29243e-4, 2.00000e+1, 0.00000e+0, 2.00000e+1, 0.00000e+0, 3, -1, Disabled
10/04/2022 12:49:25.662, 10/04/2022 12:49:25.616, 4.06530e+0, 8.66838e-4, 9.72561e+1, 2.07378e-2, 1.91424e+0, 2.73575e-3, 8.73118e+3, 1.36556e+2, 1.44010e+4, 1.05950e+2, 5.18322e+2, 2.02276e+0, 1.93110e+0, 2.70124e-3, 5.22887e+2, 2.02056e+0, 5.06882e+2, 5.69356e-2, 2.20776e+1, 3.68195e-4, 2.57063e+1, 4.26508e-2, 3.71722e+0, 2.81983e-4, 3.03233e+0, 3.64532e-4, 2.00000e+1, 0.00000e+0, 2.00000e+1, 0.00000e+0, 3, -1, Disabled
10/04/2022 12:49:30.643, 10/04/2022 12:49:30.588, 4.06468e+0, 1.03197e-3, 9.72412e+1, 2.46884e-2, 1.91452e+0, 1.99476e-3, 8.79732e+3, 1.07596e+2, 1.45633e+4, 1.28544e+2, 5.22287e+2, 1.99593e+0, 1.93151e+0, 2.21550e-3, 5.26923e+2, 2.04102e+0, 5.06857e+2, 7.10654e-2, 2.20756e+1, 3.09860e-4, 2.57328e+1, 3.15578e-2, 3.71800e+0, 7.27779e-4, 3.03243e+0, 5.61801e-4, 2.00000e+1, 0.00000e+0, 2.00000e+1, 0.00000e+0, 3, -1, Disabled
10/04/2022 12:49:35.620, 10/04/2022 12:49:35.561, 4.06736e+0, 3.71090e-4, 9.73052e+1, 8.87775e-3, 1.91585e+0, 1.89820e-3, 8.77027e+3, 1.42018e+2, 1.44083e+4, 9.06425e+1, 5.24446e+2, 9.13269e-1, 1.93280e+0, 2.13419e-3, 5.29086e+2, 8.69844e-1, 5.06851e+2, 4.98148e-2, 2.20759e+1, 5.05004e-4, 2.57386e+1, 2.30069e-2, 3.71745e+0, 4.19123e-4, 3.03252e+0, 4.88030e-4, 2.00000e+1, 0.00000e+0, 2.00000e+1, 0.00000e+0, 3, -1, Disabled
10/04/2022 12:49:40.586, 10/04/2022 12:49:40.533, 4.06677e+0, 1.06399e-3, 9.72912e+1, 2.54543e-2, 1.91500e+0, 3.32525e-3, 8.73034e+3, 2.62549e+2, 1.44138e+4, 2.44334e+2, 5.28574e+2, 9.64714e-1, 1.93187e+0, 3.13734e-3, 5.33229e+2, 9.84727e-1, 5.06834e+2, 6.28677e-2, 2.20764e+1, 2.07283e-3, 2.57468e+1, 3.35359e-2, 3.71771e+0, 5.71685e-4, 3.03272e+0, 3.45009e-4, 2.00000e+1, 0.00000e+0, 2.00000e+1, 0.00000e+0, 3, -1, Disabled
10/04/2022 12:49:45.564, 10/04/2022 12:49:45.505, 4.06775e+0, 9.12402e-4, 9.73146e+1, 2.18278e-2, 1.91365e+0, 7.18549e-4, 8.56179e+3, 1.61151e+2, 1.42519e+4, 1.58130e+2, 5.30253e+2, 1.54553e+0, 1.93017e+0, 8.78549e-4, 5.34833e+2, 1.54008e+0, 5.06829e+2, 4.24746e-2, 2.20738e+1, 4.18283e-4, 2.57767e+1, 3.30939e-2, 3.71727e+0, 3.23944e-4, 3.03281e+0, 1.44120e-4, 2.00000e+1, 0.00000e+0, 2.00000e+1, 0.00000e+0, 3, -1, Disabled
10/04/2022 12:49:50.530, 10/04/2022 12:49:50.479, 4.06796e+0, 9.20139e-4, 9.73196e+1, 2.20129e-2, 1.91470e+0, 4.77200e-3, 8.69722e+3, 1.20522e+2, 1.42228e+4, 1.18674e+2, 5.32513e+2, 1.21155e+0, 1.93150e+0, 4.82696e-3, 5.37185e+2, 1.26629e+0, 5.06840e+2, 3.00509e-2, 2.20730e+1, 7.65930e-4, 2.57900e+1, 3.41768e-2, 3.71760e+0, 5.17702e-4, 3.03288e+0, 5.29436e-4, 2.00000e+1, 0.00000e+0, 2.00000e+1, 0.00000e+0, 3, -1, Disabled
10/04/2022 12:49:55.508, 10/04/2022 12:49:55.452, 4.06703e+0, 1.97435e-3, 9.72974e+1, 4.72333e-2, 1.91455e+0, 2.90999e-3, 6.34918e+3, 2.16628e+3, 1.43069e+4, 1.15234e+2, 5.33466e+2, 2.99128e+0, 1.92679e+0, 4.26616e-3, 5.36872e+2, 2.11996e+0, 5.06828e+2, 9.27633e-2, 2.20730e+1, 1.02549e-3, 2.57805e+1, 3.57759e-2, 3.71832e+0, 7.23461e-4, 3.03321e+0, 3.85318e-4, 2.00000e+1, 0.00000e+0, 2.00000e+1, 0.00000e+0, 3, -1, Disabled
10/04/2022 12:50:00.476, 10/04/2022 12:50:00.423, 3.85634e+0, 2.97579e-1, 9.22570e+1, 7.11912e+0, 1.91498e+0, 2.92951e-3, 9.74847e+3, 3.13074e+3, 1.43678e+4, 1.96342e+2, 5.37928e+2, 2.63974e+0, 1.93384e+0, 6.06476e-3, 5.43227e+2, 3.06707e+0, 5.06798e+2, 6.07629e-2, 2.20801e+1, 3.05549e-3, 2.57829e+1, 3.43350e-2, 3.71985e+0, 5.33961e-4, 3.03462e+0, 4.83079e-4, 2.00000e+1, 0.00000e+0, 1.66000e+1, 4.50555e+0, 3, -1, Disabled
10/04/2022 12:50:05.453, 10/04/2022 12:50:05.397, 4.02945e+0, 3.04802e-2, 9.63983e+1, 7.29190e-1, 1.91534e+0, 3.44554e-3, 1.15988e+4, 3.38841e+2, 1.43423e+4, 1.70729e+2, 5.39993e+2, 1.01888e+0, 1.93781e+0, 3.97799e-3, 5.46330e+2, 1.15529e+0, 5.06834e+2, 4.35412e-2, 2.20891e+1, 1.61861e-3, 2.57930e+1, 3.34218e-2, 3.71962e+0, 7.71493e-4, 3.03472e+0, 4.48576e-4, 2.00000e+1, 0.00000e+0, 9.00000e+0, 0.00000e+0, 3, -1, Disabled
10/04/2022 12:50:10.427, 10/04/2022 12:50:10.369, 4.04709e+0, 1.81807e-3, 9.68203e+1, 4.34945e-2, 1.91576e+0, 3.37389e-3, 1.18102e+4, 3.08362e+2, 1.44670e+4, 3.07747e+2, 5.42752e+2, 1.81185e+0, 1.93866e+0, 3.71262e-3, 5.49239e+2, 1.73991e+0, 5.06863e+2, 5.76792e-2, 2.20921e+1, 9.78617e-4, 2.58483e+1, 3.99078e-2, 3.71925e+0, 5.73406e-4, 3.03413e+0, 5.03237e-4, 2.00000e+1, 0.00000e+0, 1.70000e+1, 0.00000e+0, 3, -1, Disabled
10/04/2022 12:50:15.394, 10/04/2022 12:50:15.342, 4.05300e+0, 3.06498e-3, 9.69617e+1, 7.33249e-2, 1.91699e+0, 1.80498e-3, 1.16575e+4, 2.02626e+2, 1.45516e+4, 2.52238e+2, 5.45367e+2, 8.18576e-1, 1.93960e+0, 1.72872e-3, 5.51800e+2, 8.64294e-1, 5.06869e+2, 3.90279e-2, 2.20930e+1, 6.78002e-4, 2.58944e+1, 3.43824e-2, 3.71879e+0, 1.79880e-4, 3.03449e+0, 3.42870e-4, 2.00000e+1, 0.00000e+0, 1.70000e+1, 0.00000e+0, 3, -1, Disabled
                                                                                                                                                                                                                                                                                                                                                                                                                                          