SN:3K60180500001585 BD:Jul 23 2018 VC:834b9c1 MD5:48f99e4865ed8b810be1bb0eaaabf929
SysTime,                      Time,         Batt_v,      Batt_v_sd,   BATT_PERCENT,BATT_PERCENT_sd,      [CH4]_ppm,   [CH4]_ppm_sd,      [H2O]_ppm,   [H2O]_ppm_sd,     [H2Oa]_ppm,  [H2Oa]_ppm_sd,      [CO2]_ppm,   [CO2]_ppm_sd,     [CH4]d_ppm,  [CH4]d_ppm_sd,     [CO2]d_ppm,  [CO2]d_ppm_sd,      GasP_torr,   GasP_torr_sd,         GasT_C,      GasT_C_sd,         AmbT_C,      AmbT_C_sd,         RD0_us,      RD0_us_sd,         RD1_us,      RD1_us_sd, Temp_Status_mA,Temp_Status_mA_sd,Analyzer_Status_mA,Analyzer_Status_mA_sd,       Fit_Flag,      MIU_VALVE,       MIU_DESC
07/19/2023 15:18:46.275, 07/19/2023 15:18:46.224, 4.13063e+0, 0.00000e+0, 4.94094e+1, 0.00000e+0, 1.91976e+0, 0.00000e+0, 2.02281e+4, 0.00000e+0, 2.56233e+4, 0.00000e+0, -1.03348e+4, 0.00000e+0, 9.79695e-1, 0.00000e+0, -5.27408e+3, 0.00000e+0, 5.04515e+2, 0.00000e+0, 2.77253e+1, 0.00000e+0, 2.84060e+1, 0.00000e+0, 3.42479e+0, 0.00000e+0, 2.84500e+0, 0.00000e+0, 2.00000e+1, 0.00000e+0, 1.20000e+1, 0.00000e+0, 2, -1, Disabled
07/19/2023 15:18:47.272, 07/19/2023 15:18:47.220, 4.13096e+0, 0.00000e+0, 9.88267e+1, 0.00000e+0, 1.93591e+0, 0.00000e+0, 2.37626e+4, 0.00000e+0, 2.71785e+4, 0.00000e+0, -7.61159e+2, 0.00000e+0, 1.98303e+0, 0.00000e+0, -7.79687e+2, 0.00000e+0, 5.04454e+2, 0.00000e+0, 2.77173e+1, 0.00000e+0, 2.83929e+1, 0.00000e+0, 3.42436e+0, 0.00000e+0, 2.84542e+0, 0.00000e+0, 2.00000e+1, 0.00000e+0, 1.20000e+1, 0.00000e+0, 2, -1, Disabled
07/19/2023 15:18:48.268, 07/19/2023 15:18:48.214, 4.13138e+0, 0.00000e+0, 9.88369e+1, 0.00000e+0, 1.93441e+0, 0.00000e+0, 2.37078e+4, 0.00000e+0, 2.72270e+4, 0.00000e+0, -2.23039e+2, 0.00000e+0, 1.98138e+0, 0.00000e+0, -2.28455e+2, 0.00000e+0, 5.04591e+2, 0.00000e+0, 2.77236e+1, 0.00000e+0, 2.84293e+1, 0.00000e+0, 3.42513e+0, 0.00000e+0, 2.84532e+0, 0.00000e+0, 2.00000e+1, 0.00000e+0, 1.20000e+1, 0.00000e+0, 2, -1, Disabled
07/19/2023 15:18:49.262, 07/19/2023 15:18:49.208, 4.13165e+0, 0.00000e+0, 9.88433e+1, 0.00000e+0, 1.93886e+0, 0.00000e+0, 2.38389e+4, 0.00000e+0, 2.75229e+4, 0.00000e+0, -4.86559e+2, 0.00000e+0, 1.98621e+0, 0.00000e+0, -4.98442e+2, 0.00000e+0, 5.04493e+2, 0.00000e+0, 2.77242e+1, 0.00000e+0, 2.83561e+1, 0.00000e+0, 3.42460e+0, 0.00000e+0, 2.84529e+0, 0.00000e+0, 2.00000e+1, 0.00000e+0, 1.20000e+1, 0.00000e+0, 2, -1, Disabled
07/19/2023 15:18:50.256, 07/19/2023 15:18:50.202, 4.13130e+0, 0.00000e+0, 9.88350e+1, 0.00000e+0, 1.93791e+0, 0.00000e+0, 2.40117e+4, 0.00000e+0, 2.74986e+4, 0.00000e+0, -4.04118e+2, 0.00000e+0, 1.98558e+0, 0.00000e+0, -4.14060e+2, 0.00000e+0, 5.04606e+2, 0.00000e+0, 2.77296e+1, 0.00000e+0, 2.84110e+1, 0.00000e+0, 3.42527e+0, 0.00000e+0, 2.84571e+0, 0.00000e+0, 2.00000e+1, 0.00000e+0, 1.20000e+1, 0.00000e+0, 2, -1, Disabled
07/19/2023 15:18:51.245, 07/19/2023 15:18:51.198, 4.13157e+0, 0.00000e+0, 9.88413e+1, 0.00000e+0, 1.93526e+0, 0.00000e+0, 2.39818e+4, 0.00000e+0, 2.74616e+4, 0.00000e+0, -4.04789e+2, 0.00000e+0, 1.98281e+0, 0.00000e+0, -4.14735e+2, 0.00000e+0, 5.04575e+2, 0.00000e+0, 2.77209e+1, 0.00000e+0, 2.83573e+1, 0.00000e+0, 3.42579e+0, 0.00000e+0, 2.84444e+0, 0.00000e+0, 2.00000e+1, 0.00000e+0, 1.20000e+1, 0.00000e+0, 2, -1, Disabled
07/19/2023 15:18:52.251, 07/19/2023 15:18:52.192, 4.13119e+0, 0.00000e+0, 9.88322e+1, 0.00000e+0, 1.93786e+0, 0.00000e+0, 2.40166e+4, 0.00000e+0, 2.74501e+4, 0.00000e+0, -6.66464e+1, 0.00000e+0, 1.98555e+0, 0.00000e+0, -6.82864e+1, 0.00000e+0, 5.04502e+2, 0.00000e+0, 2.77191e+1, 0.00000e+0, 2.83631e+1, 0.00000e+0, 3.42636e+0, 0.00000e+0, 2.84384e+0, 0.00000e+0, 2.00000e+1, 0.00000e+0, 1.20000e+1, 0.00000e+0, 2, -1, Disabled
07/19/2023 15:18:53.235, 07/19/2023 15:18:53.186, 4.13185e+0, 0.00000e+0, 9.88481e+1, 0.00000e+0, 1.93715e+0, 0.00000e+0, 2.42386e+4, 0.00000e+0, 2.73529e+4, 0.00000e+0, -4.16411e+2, 0.00000e+0, 1.98527e+0, 0.00000e+0, -4.26755e+2, 0.00000e+0, 5.04614e+2, 0.00000e+0, 2.77185e+1, 0.00000e+0, 2.83489e+1, 0.00000e+0, 3.42537e+0, 0.00000e+0, 2.84395e+0, 0.00000e+0, 2.00000e+1, 0.00000e+0, 1.20000e+1, 0.00000e+0, 2, -1, Disabled
07/19/2023 15:18:54.233, 07/19/2023 15:18:54.180, 4.13150e+0, 0.00000e+0, 9.88396e+1, 0.00000e+0, 1.93847e+0, 0.00000e+0, 2.41237e+4, 0.00000e+0, 2.76003e+4, 0.00000e+0, -7.18942e+1, 0.00000e+0, 1.98639e+0, 0.00000e+0, -7.36715e+1, 0.00000e+0, 5.04515e+2, 0.00000e+0, 2.77167e+1, 0.00000e+0, 2.83331e+1, 0.00000e+0, 3.42456e+0, 0.00000e+0, 2.84502e+0, 0.00000e+0, 2.00000e+1, 0.00000e+0, 1.20000e+1, 0.00000e+0, 2, -1, Disabled
07/19/2023 15:18:55.222, 07/19/2023 15:18:55.176, 4.13162e+0, 0.00000e+0, 9.88427e+1, 0.00000e+0, 1.94118e+0, 0.00000e+0, 2.42218e+4, 0.00000e+0, 2.73732e+4, 0.00000e+0, 1.28869e+0, 0.00000e+0, 1.98937e+0, 0.00000e+0, 1.32068e+0, 0.00000e+0, 5.04654e+2, 0.00000e+0, 2.77163e+1, 0.00000e+0, 2.83630e+1, 0.00000e+0, 3.42475e+0, 0.00000e+0, 2.84442e+0, 0.00000e+0, 2.00000e+1, 0.00000e+0, 1.20000e+1, 0.00000e+0, 2, -1, Disabled
07/19/2023 15:18:56.221, 07/19/2023 15:18:56.169, 4.13183e+0, 0.00000e+0, 9.88476e+1, 0.00000e+0, 1.94113e+0, 0.00000e+0, 2.42111e+4, 0.00000e+0, 2.73791e+4, 0.00000e+0, -2.38899e+0, 0.00000e+0, 1.98929e+0, 0.00000e+0, -2.44826e+0, 0.00000e+0, 5.04500e+2, 0.00000e+0, 2.77156e+1, 0.00000e+0, 2.83089e+1, 0.00000e+0, 3.42459e+0, 0.00000e+0, 2.84438e+0, 0.00000e+0, 2.00000e+1, 0.00000e+0, 1.20000e+1, 0.00000e+0, 2, -1, Disabled
07/19/2023 15:18:57.218, 07/19/2023 15:18:57.164, 4.13146e+0, 0.00000e+0, 9.88387e+1, 0.00000e+0, 1.93943e+0, 0.00000e+0, 2.41368e+4, 0.00000e+0, 2.73670e+4, 0.00000e+0, -3.99612e+2, 0.00000e+0, 1.98740e+0, 0.00000e+0, -4.09496e+2, 0.00000e+0, 5.04641e+2, 0.00000e+0, 2.77136e+1, 0.00000e+0, 2.83544e+1, 0.00000e+0, 3.42557e+0, 0.00000e+0, 2.84439e+0, 0.00000e+0, 2.00000e+1, 0.00000e+0, 1.20000e+1, 0.00000e+0, 3, -1, Disabled
07/19/2023 15:18:58.237, 07/19/2023 15:18:58.158, 4.13150e+0, 0.00000e+0, 9.88398e+1, 0.00000e+0, 1.94067e+0, 0.00000e+0, 2.39536e+4, 0.00000e+0, 2.71351e+4, 0.00000e+0, -4.36824e+2, 0.00000e+0, 1.98830e+0, 0.00000e+0, -4.47545e+2, 0.00000e+0, 5.04483e+2, 0.00000e+0, 2.78517e+1, 0.00000e+0, 2.82981e+1, 0.00000e+0, 3.42613e+0, 0.00000e+0, 2.84368e+0, 0.00000e+0, 2.00000e+1, 0.00000e+0, 1.20000e+1, 0.00000e+0, 3, -1, Disabled
07/19/2023 15:18:59.211, 07/19/2023 15:18:59.154, 4.13128e+0, 0.00000e+0, 9.88345e+1, 0.00000e+0, 1.95226e+0, 0.00000e+0, 2.36055e+4, 0.00000e+0, 2.68599e+4, 0.00000e+0, -4.00022e+2, 0.00000e+0, 1.99946e+0, 0.00000e+0, -4.09693e+2, 0.00000e+0, 5.04555e+2, 0.00000e+0, 2.85395e+1, 0.00000e+0, 2.83475e+1, 0.00000e+0, 3.42348e+0, 0.00000e+0, 2.84343e+0, 0.00000e+0, 2.00000e+1, 0.00000e+0, 1.20000e+1, 0.00000e+0, 3, -1, Disabled
07/19/2023 15:19:00.203, 07/19/2023 15:19:00.148, 4.13158e+0, 0.00000e+0, 9.88416e+1, 0.00000e+0, 1.95784e+0, 0.00000e+0, 2.27523e+4, 0.00000e+0, 2.59666e+4, 0.00000e+0, -4.32403e+2, 0.00000e+0, 2.00342e+0, 0.00000e+0, -4.42470e+2, 0.00000e+0, 5.04520e+2, 0.00000e+0, 2.96523e+1, 0.00000e+0, 2.82766e+1, 0.00000e+0, 3.42473e+0, 0.00000e+0, 2.84341e+0, 0.00000e+0, 2.00000e+1, 0.00000e+0, 1.20000e+1, 0.00000e+0, 3, -1, Disabled
07/19/2023 15:19:01.197, 07/19/2023 15:19:01.142, 4.13127e+0, 0.00000e+0, 9.88342e+1, 0.00000e+0, 1.95534e+0, 0.00000e+0, 2.23774e+4, 0.00000e+0, 2.57615e+4, 0.00000e+0, -4.11663e+2, 0.00000e+0, 2.00010e+0, 0.00000e+0, -4.21085e+2, 0.00000e+0, 5.04565e+2, 0.00000e+0, 3.01880e+1, 0.00000e+0, 2.83156e+1, 0.00000e+0, 3.42347e+0, 0.00000e+0, 2.84322e+0, 0.00000e+0, 2.00000e+1, 0.00000e+0, 1.20000e+1, 0.00000e+0, 3, -1, Disabled
07/19/2023 15:19:02.183, 07/19/2023 15:19:02.137, 4.13115e+0, 0.00000e+0, 9.88314e+1, 0.00000e+0, 1.96680e+0, 0.00000e+0, 2.22230e+4, 0.00000e+0, 2.52592e+4, 0.00000e+0, -4.22348e+2, 0.00000e+0, 2.01150e+0, 0.00000e+0, -4.31947e+2, 0.00000e+0, 5.04561e+2, 0.00000e+0, 3.08995e+1, 0.00000e+0, 2.82671e+1, 0.00000e+0, 3.42327e+0, 0.00000e+0, 2.84335e+0, 0.00000e+0, 2.00000e+1, 0.00000e+0, 1.20000e+1, 0.00000e+0, 3, -1, Disabled
07/19/2023 15:19:03.202, 07/19/2023 15:19:03.131, 4.13143e+0, 0.00000e+0, 9.88381e+1, 0.00000e+0, 1.96598e+0, 0.00000e+0, 2.19128e+4, 0.00000e+0, 2.49456e+4, 0.00000e+0, -2.49215e+2, 0.00000e+0, 2.01003e+0, 0.00000e+0, -2.54799e+2, 0.00000e+0, 5.04478e+2, 0.00000e+0, 3.08582e+1, 0.00000e+0, 2.82787e+1, 0.00000e+0, 3.42420e+0, 0.00000e+0, 2.84326e+0, 0.00000e+0, 2.00000e+1, 0.00000e+0, 1.20000e+1, 0.00000e+0, 3, -1, Disabled
07/19/2023 15:19:04.189, 07/19/2023 15:19:04.125, 4.13141e+0, 0.00000e+0, 9.88376e+1, 0.00000e+0, 1.96647e+0, 0.00000e+0, 2.19505e+4, 0.00000e+0, 2.52660e+4, 0.00000e+0, -4.25383e+2, 0.00000e+0, 2.01061e+0, 0.00000e+0, -4.34930e+2, 0.00000e+0, 5.04612e+2, 0.00000e+0, 3.06013e+1, 0.00000e+0, 2.82463e+1, 0.00000e+0, 3.42296e+0, 0.00000e+0, 2.84300e+0, 0.00000e+0, 2.00000e+1, 0.00000e+0, 1.20000e+1, 0.00000e+0, 3, -1, Disabled
07/19/2023 15:19:05.175, 07/19/2023 15:19:05.120, 4.13126e+0, 0.00000e+0, 9.88339e+1, 0.00000e+0, 1.93661e+0, 0.00000e+0, 2.36704e+4, 0.00000e+0, 2.71749e+4, 0.00000e+0, -4.31167e+2, 0.00000e+0, 1.98357e+0, 0.00000e+0, -4.41621e+2, 0.00000e+0, 5.04503e+2, 0.00000e+0, 2.78012e+1, 0.00000e+0, 2.83027e+1, 0.00000e+0, 3.42369e+0, 0.00000e+0, 2.84245e+0, 0.00000e+0, 2.00000e+1, 0.00000e+0, 1.20000e+1, 0.00000e+0, 3, -1, Disabled
07/19/2023 15:19:06.167, 07/19/2023 15:19:06.115, 4.13180e+0, 0.00000e+0, 9.88469e+1, 0.00000e+0, 1.93457e+0, 0.00000e+0, 2.43471e+4, 0.00000e+0, 2.75181e+4, 0.00000e+0, -4.31889e+2, 0.00000e+0, 1.98285e+0, 0.00000e+0, -4.42667e+2, 0.00000e+0, 5.04586e+2, 0.00000e+0, 2.77010e+1, 0.00000e+0, 2.82602e+1, 0.00000e+0, 3.42495e+0, 0.00000e+0, 2.84198e+0, 0.00000e+0, 2.00000e+1, 0.00000e+0, 1.20000e+1, 0.00000e+0, 3, -1, Disabled
07/19/2023 15:19:07.163, 07/19/2023 15:19:07.110, 4.13175e+0, 0.00000e+0, 9.88457e+1, 0.00000e+0, 1.94655e+0, 0.00000e+0, 2.38307e+4, 0.00000e+0, 2.70314e+4, 0.00000e+0, -4.08114e+2, 0.00000e+0, 1.99407e+0, 0.00000e+0, -4.18077e+2, 0.00000e+0, 5.04498e+2, 0.00000e+0, 2.82646e+1, 0.00000e+0, 2.82672e+1, 0.00000e+0, 3.42328e+0, 0.00000e+0, 2.84259e+0, 0.00000e+0, 2.00000e+1, 0.00000e+0, 1.20000e+1, 0.00000e+0, 3, -1, Disabled
07/19/2023 15:19:08.170, 07/19/2023 15:19:08.103, 4.13160e+0, 0.00000e+0, 9.88420e+1, 0.00000e+0, 1.93680e+0, 0.00000e+0, 2.43470e+4, 0.00000e+0, 2.75012e+4, 0.00000e+0, -8.36634e+1, 0.00000e+0, 1.98513e+0, 0.00000e+0, -8.57512e+1, 0.00000e+0, 5.04634e+2, 0.00000e+0, 2.77620e+1, 0.00000e+0, 2.82758e+1, 0.00000e+0, 3.42372e+0, 0.00000e+0, 2.84408e+0, 0.00000e+0, 2.00000e+1, 0.00000e+0, 1.20000e+1, 0.00000e+0, 3, -1, Disabled
07/19/2023 15:19:09.149, 07/19/2023 15:19:09.099, 4.13150e+0, 0.00000e+0, 9.88398e+1, 0.00000e+0, 1.94095e+0, 0.00000e+0, 2.42675e+4, 0.00000e+0, 2.73591e+4, 0.00000e+0, -4.09045e+2, 0.00000e+0, 1.98923e+0, 0.00000e+0, -4.19218e+2, 0.00000e+0, 5.04457e+2, 0.00000e+0, 2.77041e+1, 0.00000e+0, 2.82463e+1, 0.00000e+0, 3.42324e+0, 0.00000e+0, 2.84243e+0, 0.00000e+0, 2.00000e+1, 0.00000e+0, 1.20000e+1, 0.00000e+0, 3, -1, Disabled
07/19/2023 15:19:10.151, 07/19/2023 15:19:10.093, 4.13156e+0, 0.00000e+0, 9.88412e+1, 0.00000e+0, 1.94210e+0, 0.00000e+0, 2.41475e+4, 0.00000e+0, 2.72652e+4, 0.00000e+0, 4.09171e+0, 0.00000e+0, 1.99015e+0, 0.00000e+0, 4.19295e+0, 0.00000e+0, 5.04623e+2, 0.00000e+0, 2.77041e+1, 0.00000e+0, 2.82733e+1, 0.00000e+0, 3.42294e+0, 0.00000e+0, 2.84274e+0, 0.00000e+0, 2.00000e+1, 0.00000e+0, 1.20000e+1, 0.00000e+0, 3, -1, Disabled
07/19/2023 15:19:11.140, 07/19/2023 15:19:11.088, 4.13158e+0, 0.00000e+0, 9.88415e+1, 0.00000e+0, 1.93977e+0, 0.00000e+0, 2.42525e+4, 0.00000e+0, 2.72490e+4, 0.00000e+0, -2.50657e+2, 0.00000e+0, 1.98799e+0, 0.00000e+0, -2.56887e+2, 0.00000e+0, 5.04428e+2, 0.00000e+0, 2.78255e+1, 0.00000e+0, 2.82227e+1, 0.00000e+0, 3.42301e+0, 0.00000e+0, 2.84292e+0, 0.00000e+0, 2.00000e+1, 0.00000e+0, 1.20000e+1, 0.00000e+0, 3, -1, Disabled
07/19/2023 15:19:12.133, 07/19/2023 15:19:12.082, 4.13123e+0, 0.00000e+0, 9.88333e+1, 0.00000e+0, 1.94404e+0, 0.00000e+0, 2.40287e+4, 0.00000e+0, 2.72671e+4, 0.00000e+0, -4.11132e+2, 0.00000e+0, 1.99191e+0, 0.00000e+0, -4.21254e+2, 0.00000e+0, 5.04635e+2, 0.00000e+0, 2.78908e+1, 0.00000e+0, 2.82249e+1, 0.00000e+0, 3.42360e+0, 0.00000e+0, 2.84247e+0, 0.00000e+0, 2.00000e+1, 0.00000e+0, 1.20000e+1, 0.00000e+0, 3, -1, Disabled
07/19/2023 15:19:13.128, 07/19/2023 15:19:13.077, 4.13146e+0, 0.00000e+0, 9.88387e+1, 0.00000e+0, 1.93703e+0, 0.00000e+0, 2.41985e+4, 0.00000e+0, 2.75063e+4, 0.00000e+0, -3.95697e+1, 0.00000e+0, 1.98507e+0, 0.00000e+0, -4.05510e+1, 0.00000e+0, 5.04434e+2, 0.00000e+0, 2.76925e+1, 0.00000e+0, 2.82130e+1, 0.00000e+0, 3.42362e+0, 0.00000e+0, 2.84290e+0, 0.00000e+0, 2.00000e+1, 0.00000e+0, 1.20000e+1, 0.00000e+0, 3, -1, Disabled
07/19/2023 15:19:14.126, 07/19/2023 15:19:14.071, 4.13145e+0, 0.00000e+0, 9.88384e+1, 0.00000e+0, 1.94273e+0, 0.00000e+0, 2.40703e+4, 0.00000e+0, 2.73123e+4, 0.00000e+0, -5.40740e+1, 0.00000e+0, 1.99065e+0, 0.00000e+0, -5.54076e+1, 0.00000e+0, 5.04609e+2, 0.00000e+0, 2.77296e+1, 0.00000e+0, 2.82547e+1, 0.00000e+0, 3.42373e+0, 0.00000e+0, 2.84281e+0, 0.00000e+0, 2.00000e+1, 0.00000e+0, 1.20000e+1, 0.00000e+0, 3, -1, Disabled
07/19/2023 15:19:15.134, 07/19/2023 15:19:15.066, 4.13157e+0, 0.00000e+0, 9.88414e+1, 0.00000e+0, 1.94507e+0, 0.00000e+0, 2.44043e+4, 0.00000e+0, 2.75238e+4, 0.00000e+0, -4.21045e+2, 0.00000e+0, 1.99373e+0, 0.00000e+0, -4.31578e+2, 0.00000e+0, 5.04442e+2, 0.00000e+0, 2.76972e+1, 0.00000e+0, 2.82128e+1, 0.00000e+0, 3.42427e+0, 0.00000e+0, 2.84289e+0, 0.00000e+0, 2.00000e+1, 0.00000e+0, 1.20000e+1, 0.00000e+0, 3, -1, Disabled
07/19/2023 15:19:16.119, 07/19/2023 15:19:16.061, 4.13120e+0, 0.00000e+0, 9.88325e+1, 0.00000e+0, 1.94668e+0, 0.00000e+0, 2.44512e+4, 0.00000e+0, 2.74102e+4, 0.00000e+0, -3.07561e+1, 0.00000e+0, 1.99548e+0, 0.00000e+0, -3.15269e+1, 0.00000e+0, 5.04565e+2, 0.00000e+0, 2.77568e+1, 0.00000e+0, 2.82294e+1, 0.00000e+0, 3.42277e+0, 0.00000e+0, 2.84300e+0, 0.00000e+0, 2.00000e+1, 0.00000e+0, 1.20000e+1, 0.00000e+0, 3, -1, Disabled
07/19/2023 15:19:17.116, 07/19/2023 15:19:17.062, 4.13140e+0, 0.00000e+0, 9.88372e+1, 0.00000e+0, 1.94564e+0, 0.00000e+0, 2.43130e+4, 0.00000e+0, 2.73405e+4, 0.00000e+0, -4.32755e+2, 0.00000e+0, 1.99413e+0, 0.00000e+0, -4.43538e+2, 0.00000e+0, 5.04452e+2, 0.00000e+0, 2.77669e+1, 0.00000e+0, 2.81861e+1, 0.00000e+0, 3.42375e+0, 0.00000e+0, 2.84231e+0, 0.00000e+0, 2.00000e+1, 0.00000e+0, 1.20000e+1, 0.00000e+0, 3, -1, Disabled
07/19/2023 15:19:18.110, 07/19/2023 15:19:18.055, 4.13134e+0, 0.00000e+0, 9.88360e+1, 0.00000e+0, 1.94312e+0, 0.00000e+0, 2.42485e+4, 0.00000e+0, 2.74123e+4, 0.00000e+0, -4.28347e+2, 0.00000e+0, 1.99141e+0, 0.00000e+0, -4.38992e+2, 0.00000e+0, 5.04605e+2, 0.00000e+0, 2.76919e+1, 0.00000e+0, 2.82458e+1, 0.00000e+0, 3.42385e+0, 0.00000e+0, 2.84220e+0, 0.00000e+0, 2.00000e+1, 0.00000e+0, 1.20000e+1, 0.00000e+0, 3, -1, Disabled
07/19/2023 15:19:19.116, 07/19/2023 15:19:19.050, 4.13120e+0, 0.00000e+0, 9.88325e+1, 0.00000e+0, 1.94667e+0, 0.00000e+0, 2.42743e+4, 0.00000e+0, 2.73721e+4, 0.00000e+0, -4.76802e+2, 0.00000e+0, 1.99510e+0, 0.00000e+0, -4.88664e+2, 0.00000e+0, 5.04438e+2, 0.00000e+0, 2.81068e+1, 0.00000e+0, 2.81951e+1, 0.00000e+0, 3.42351e+0, 0.00000e+0, 2.84236e+0, 0.00000e+0, 2.00000e+1, 0.00000e+0, 1.20000e+1, 0.00000e+0, 3, -1, Disabled
07/19/2023 15:19:20.093, 07/19/2023 15:19:20.046, 4.13133e+0, 0.00000e+0, 9.88356e+1, 0.00000e+0, 1.95159e+0, 0.00000e+0, 2.38680e+4, 0.00000e+0, 2.68997e+4, 0.00000e+0, -2.56977e+2, 0.00000e+0, 1.99931e+0, 0.00000e+0, -2.63261e+2, 0.00000e+0, 5.04597e+2, 0.00000e+0, 2.83043e+1, 0.00000e+0, 2.82276e+1, 0.00000e+0, 3.42280e+0, 0.00000e+0, 2.84202e+0, 0.00000e+0, 2.00000e+1, 0.00000e+0, 1.20000e+1, 0.00000e+0, 3, -1, Disabled
07/19/2023 15:19:21.095, 07/19/2023 15:19:21.047, 4.13177e+0, 0.00000e+0, 9.88462e+1, 0.00000e+0, 1.94224e+0, 0.00000e+0, 2.41949e+4, 0.00000e+0, 2.74701e+4, 0.00000e+0, -4.21832e+2, 0.00000e+0, 1.99040e+0, 0.00000e+0, -4.32291e+2, 0.00000e+0, 5.04412e+2, 0.00000e+0, 2.76839e+1, 0.00000e+0, 2.81755e+1, 0.00000e+0, 3.42427e+0, 0.00000e+0, 2.84276e+0, 0.00000e+0, 2.00000e+1, 0.00000e+0, 1.20000e+1, 0.00000e+0, 3, -1, Disabled
07/19/2023 15:19:22.099, 07/19/2023 15:19:22.048, 4.13146e+0, 0.00000e+0, 9.88389e+1, 0.00000e+0, 1.94802e+0, 0.00000e+0, 2.44173e+4, 0.00000e+0, 2.76311e+4, 0.00000e+0, -4.29596e+2, 0.00000e+0, 1.99678e+0, 0.00000e+0, -4.40348e+2, 0.00000e+0, 5.04617e+2, 0.00000e+0, 2.76841e+1, 0.00000e+0, 2.82190e+1, 0.00000e+0, 3.42278e+0, 0.00000e+0, 2.84199e+0, 0.00000e+0, 2.00000e+1, 0.00000e+0, 1.20000e+1, 0.00000e+0, 3, -1, Disabled
07/19/2023 15:19:23.095, 07/19/2023 15:19:23.043, 4.13128e+0, 0.00000e+0, 9.88344e+1, 0.00000e+0, 1.94761e+0, 0.00000e+0, 2.45778e+4, 0.00000e+0, 2.74772e+4, 0.00000e+0, -4.35059e+2, 0.00000e+0, 1.99668e+0, 0.00000e+0, -4.46021e+2, 0.00000e+0, 5.04426e+2, 0.00000e+0, 2.76912e+1, 0.00000e+0, 2.81837e+1, 0.00000e+0, 3.42283e+0, 0.00000e+0, 2.84198e+0, 0.00000e+0, 2.00000e+1, 0.00000e+0, 1.20000e+1, 0.00000e+0, 3, -1, Disabled
07/19/2023 15:19:24.085, 07/19/2023 15:19:24.037, 4.13169e+0, 0.00000e+0, 9.88443e+1, 0.00000e+0, 1.94739e+0, 0.00000e+0, 2.41331e+4, 0.00000e+0, 2.75250e+4, 0.00000e+0, -4.45127e+2, 0.00000e+0, 1.99555e+0, 0.00000e+0, -4.56135e+2, 0.00000e+0, 5.04608e+2, 0.00000e+0, 2.76962e+1, 0.00000e+0, 2.81782e+1, 0.00000e+0, 3.42304e+0, 0.00000e+0, 2.84183e+0, 0.00000e+0, 2.00000e+1, 0.00000e+0, 1.20000e+1, 0.00000e+0, 3, -1, Disabled
07/19/2023 15:19:25.088, 07/19/2023 15:19:25.032, 4.13136e+0, 0.00000e+0, 9.88365e+1, 0.00000e+0, 1.94873e+0, 0.00000e+0, 2.43953e+4, 0.00000e+0, 2.75120e+4, 0.00000e+0, -4.53383e+2, 0.00000e+0, 1.99746e+0, 0.00000e+0, -4.64720e+2, 0.00000e+0, 5.04453e+2, 0.00000e+0, 2.76947e+1, 0.00000e+0, 2.81833e+1, 0.00000e+0, 3.42323e+0, 0.00000e+0, 2.84214e+0, 0.00000e+0, 2.00000e+1, 0.00000e+0, 1.20000e+1, 0.00000e+0, 3, -1, Disabled
07/19/2023 15:19:26.078, 07/19/2023 15:19:26.026, 4.13131e+0, 0.00000e+0, 9.88352e+1, 0.00000e+0, 1.94807e+0, 0.00000e+0, 2.44666e+4, 0.00000e+0, 2.75568e+4, 0.00000e+0, -4.25911e+2, 0.00000e+0, 1.99693e+0, 0.00000e+0, -4.36593e+2, 0.00000e+0, 5.04607e+2, 0.00000e+0, 2.76988e+1, 0.00000e+0, 2.81796e+1, 0.00000e+0, 3.42299e+0, 0.00000e+0, 2.84267e+0, 0.00000e+0, 2.00000e+1, 0.00000e+0, 1.20000e+1, 0.00000e+0, 3, -1, Disabled
07/19/2023 15:19:27.074, 07/19/2023 15:19:27.020, 4.13100e+0, 0.00000e+0, 9.88278e+1, 0.00000e+0, 1.94554e+0, 0.00000e+0, 2.44697e+4, 0.00000e+0, 2.75696e+4, 0.00000e+0, -4.38549e+2, 0.00000e+0, 1.99434e+0, 0.00000e+0, -4.49550e+2, 0.00000e+0, 5.04457e+2, 0.00000e+0, 2.76907e+1, 0.00000e+0, 2.81758e+1, 0.00000e+0, 3.42321e+0, 0.00000e+0, 2.84244e+0, 0.00000e+0, 2.00000e+1, 0.00000e+0, 1.20000e+1, 0.00000e+0, 3, -1, Disabled
07/19/2023 15:19:28.070, 07/19/2023 15:19:28.014, 4.13090e+0, 0.00000e+0, 9.88254e+1, 0.00000e+0, 1.94567e+0, 0.00000e+0, 2.43947e+4, 0.00000e+0, 2.76406e+4, 0.00000e+0, -4.30066e+2, 0.00000e+0, 1.99432e+0, 0.00000e+0, -4.40820e+2, 0.00000e+0, 5.04556e+2, 0.00000e+0, 2.76841e+1, 0.00000e+0, 2.81575e+1, 0.00000e+0, 3.42372e+0, 0.00000e+0, 2.84225e+0, 0.00000e+0, 2.00000e+1, 0.00000e+0, 1.20000e+1, 0.00000e+0, 3, -1, Disabled
07/19/2023 15:19:29.060, 07/19/2023 15:19:29.009, 4.13084e+0, 0.00000e+0, 9.88239e+1, 0.00000e+0, 1.94839e+0, 0.00000e+0, 2.44067e+4, 0.00000e+0, 2.76855e+4, 0.00000e+0, -4.28825e+2, 0.00000e+0, 1.99713e+0, 0.00000e+0, -4.39553e+2, 0.00000e+0, 5.04485e+2, 0.00000e+0, 2.76944e+1, 0.00000e+0, 2.81912e+1, 0.00000e+0, 3.42361e+0, 0.00000e+0, 2.84189e+0, 0.00000e+0, 2.00000e+1, 0.00000e+0, 1.20000e+1, 0.00000e+0, 3, -1, Disabled
07/19/2023 15:19:30.058, 07/19/2023 15:19:30.004, 4.13131e+0, 0.00000e+0, 9.88351e+1, 0.00000e+0, 1.94657e+0, 0.00000e+0, 2.45238e+4, 0.00000e+0, 2.75881e+4, 0.00000e+0, -2.57946e+2, 0.00000e+0, 1.99551e+0, 0.00000e+0, -2.64430e+2, 0.00000e+0, 5.04590e+2, 0.00000e+0, 2.76915e+1, 0.00000e+0, 2.81802e+1, 0.00000e+0, 3.42300e+0, 0.00000e+0, 2.84204e+0, 0.00000e+0, 2.00000e+1, 0.00000e+0, 1.20000e+1, 0.00000e+0, 3, -1, Disabled
07/19/2023 15:19:31.051, 07/19/2023 15:19:30.998, 4.13114e+0, 0.00000e+0, 9.88312e+1, 0.00000e+0, 1.94425e+0, 0.00000e+0, 2.44379e+4, 0.00000e+0, 2.76842e+4, 0.00000e+0, -4.27464e+2, 0.00000e+0, 1.99295e+0, 0.00000e+0, -4.38172e+2, 0.00000e+0, 5.04420e+2, 0.00000e+0, 2.76932e+1, 0.00000e+0, 2.81883e+1, 0.00000e+0, 3.42260e+0, 0.00000e+0, 2.84277e+0, 0.00000e+0, 2.00000e+1, 0.00000e+0, 1.20000e+1, 0.00000e+0, 3, -1, Disabled
07/19/2023 15:19:32.045, 07/19/2023 15:19:31.994, 4.13095e+0, 0.00000e+0, 9.88265e+1, 0.00000e+0, 1.95048e+0, 0.00000e+0, 2.42448e+4, 0.00000e+0, 2.75207e+4, 0.00000e+0, -4.63442e+2, 0.00000e+0, 1.99894e+0, 0.00000e+0, -4.74958e+2, 0.00000e+0, 5.04545e+2, 0.00000e+0, 2.76871e+1, 0.00000e+0, 2.81556e+1, 0.00000e+0, 3.42270e+0, 0.00000e+0, 2.84194e+0, 0.00000e+0, 2.00000e+1, 0.00000e+0, 1.20000e+1, 0.00000e+0, 3, -1, Disabled
07/19/2023 15:19:33.039, 07/19/2023 15:19:32.987, 4.13057e+0, 0.00000e+0, 9.88175e+1, 0.00000e+0, 1.94360e+0, 0.00000e+0, 2.46725e+4, 0.00000e+0, 2.76776e+4, 0.00000e+0, -4.31826e+2, 0.00000e+0, 1.99277e+0, 0.00000e+0, -4.42750e+2, 0.00000e+0, 5.04423e+2, 0.00000e+0, 2.76868e+1, 0.00000e+0, 2.81691e+1, 0.00000e+0, 3.42277e+0, 0.00000e+0, 2.84226e+0, 0.00000e+0, 2.00000e+1, 0.00000e+0, 1.20000e+1, 0.00000e+0, 3, -1, Disabled
07/19/2023 15:19:34.061, 07/19/2023 15:19:33.982, 4.13107e+0, 0.00000e+0, 9.88293e+1, 0.00000e+0, 1.94958e+0, 0.00000e+0, 2.44530e+4, 0.00000e+0, 2.75431e+4, 0.00000e+0, -4.55078e+2, 0.00000e+0, 1.99845e+0, 0.00000e+0, -4.66485e+2, 0.00000e+0, 5.04543e+2, 0.00000e+0, 2.76932e+1, 0.00000e+0, 2.81560e+1, 0.00000e+0, 3.42286e+0, 0.00000e+0, 2.84270e+0, 0.00000e+0, 2.00000e+1, 0.00000e+0, 1.20000e+1, 0.00000e+0, 3, -1, Disabled
07/19/2023 15:19:35.029, 07/19/2023 15:19:34.977, 4.13098e+0, 0.00000e+0, 9.88273e+1, 0.00000e+0, 1.94415e+0, 0.00000e+0, 2.44307e+4, 0.00000e+0, 2.76223e+4, 0.00000e+0, -4.38649e+2, 0.00000e+0, 1.99283e+0, 0.00000e+0, -4.49634e+2, 0.00000e+0, 5.04503e+2, 0.00000e+0, 2.76849e+1, 0.00000e+0, 2.81889e+1, 0.00000e+0, 3.42280e+0, 0.00000e+0, 2.84181e+0, 0.00000e+0, 2.00000e+1, 0.00000e+0, 1.20000e+1, 0.00000e+0, 3, -1, Disabled
07/19/2023 15:19:36.031, 07/19/2023 15:19:35.971, 4.13119e+0, 0.00000e+0, 9.88322e+1, 0.00000e+0, 1.94671e+0, 0.00000e+0, 2.44858e+4, 0.00000e+0, 2.74060e+4, 0.00000e+0, -4.48660e+2, 0.00000e+0, 1.99557e+0, 0.00000e+0, -4.59922e+2, 0.00000e+0, 5.04527e+2, 0.00000e+0, 2.76908e+1, 0.00000e+0, 2.81483e+1, 0.00000e+0, 3.42351e+0, 0.00000e+0, 2.84300e+0, 0.00000e+0, 2.00000e+1, 0.00000e+0, 1.20000e+1, 0.00000e+0, 3, -1, Disabled
07/19/2023 15:19:37.022, 07/19/2023 15:19:36.965, 4.13049e+0, 0.00000e+0, 9.88154e+1, 0.00000e+0, 1.94659e+0, 0.00000e+0, 2.43974e+4, 0.00000e+0, 2.76892e+4, 0.00000e+0, -4.34079e+2, 0.00000e+0, 1.99527e+0, 0.00000e+0, -4.44934e+2, 0.00000e+0, 5.04491e+2, 0.00000e+0, 2.76888e+1, 0.00000e+0, 2.81825e+1, 0.00000e+0, 3.42178e+0, 0.00000e+0, 2.84183e+0, 0.00000e+0, 2.00000e+1, 0.00000e+0, 1.20000e+1, 0.00000e+0, 3, -1, Disabled
07/19/2023 15:19:38.161, 07/19/2023 15:19:37.961, 4.13110e+0, 0.00000e+0, 9.88301e+1, 0.00000e+0, 1.94387e+0, 0.00000e+0, 2.45598e+4, 0.00000e+0, 2.77654e+4, 0.00000e+0, -4.36347e+2, 0.00000e+0, 1.99281e+0, 0.00000e+0, -4.47333e+2, 0.00000e+0, 5.04551e+2, 0.00000e+0, 2.76878e+1, 0.00000e+0, 2.81441e+1, 0.00000e+0, 3.42204e+0, 0.00000e+0, 2.84174e+0, 0.00000e+0, 2.00000e+1, 0.00000e+0, 4.00000e+0, 0.00000e+0, 3, -1, Disabled
07/19/2023 15:19:39.048, 07/19/2023 15:19:38.954, 4.13075e+0, 0.00000e+0, 9.88218e+1, 0.00000e+0, 1.94467e+0, 0.00000e+0, 2.45884e+4, 0.00000e+0, 2.74989e+4, 0.00000e+0, -1.33767e+1, 0.00000e+0, 1.99369e+0, 0.00000e+0, -1.37139e+1, 0.00000e+0, 5.04521e+2, 0.00000e+0, 2.76942e+1, 0.00000e+0, 2.81924e+1, 0.00000e+0, 3.42280e+0, 0.00000e+0, 2.84267e+0, 0.00000e+0, 2.00000e+1, 0.00000e+0, 4.00000e+0, 0.00000e+0, 3, -1, Disabled
07/19/2023 15:19:40.044, 07/19/2023 15:19:39.949, 4.13137e+0, 0.00000e+0, 9.88365e+1, 0.00000e+0, 1.94514e+0, 0.00000e+0, 2.42565e+4, 0.00000e+0, 2.73343e+4, 0.00000e+0, -4.38176e+2, 0.00000e+0, 1.99350e+0, 0.00000e+0, -4.49069e+2, 0.00000e+0, 5.04524e+2, 0.00000e+0, 2.76876e+1, 0.00000e+0, 2.81566e+1, 0.00000e+0, 3.42273e+0, 0.00000e+0, 2.84254e+0, 0.00000e+0, 2.00000e+1, 0.00000e+0, 4.00000e+0, 0.00000e+0, 3, -1, Disabled
07/19/2023 15:19:40.999, 07/19/2023 15:19:40.944, 4.13101e+0, 0.00000e+0, 9.88280e+1, 0.00000e+0, 1.94881e+0, 0.00000e+0, 2.46079e+4, 0.00000e+0, 2.78342e+4, 0.00000e+0, -4.37406e+2, 0.00000e+0, 1.99798e+0, 0.00000e+0, -4.48441e+2, 0.00000e+0, 5.04495e+2, 0.00000e+0, 2.76864e+1, 0.00000e+0, 2.82001e+1, 0.00000e+0, 3.42258e+0, 0.00000e+0, 2.84223e+0, 0.00000e+0, 2.00000e+1, 0.00000e+0, 4.00000e+0, 0.00000e+0, 3, -1, Disabled
07/19/2023 15:19:42.028, 07/19/2023 15:19:41.939, 4.13138e+0, 0.00000e+0, 9.88367e+1, 0.00000e+0, 1.95181e+0, 0.00000e+0, 2.42338e+4, 0.00000e+0, 2.75128e+4, 0.00000e+0, -6.91579e+0, 0.00000e+0, 2.00029e+0, 0.00000e+0, -7.08755e+0, 0.00000e+0, 5.04510e+2, 0.00000e+0, 2.76834e+1, 0.00000e+0, 2.81439e+1, 0.00000e+0, 3.42276e+0, 0.00000e+0, 2.84267e+0, 0.00000e+0, 2.00000e+1, 0.00000e+0, 4.00000e+0, 0.00000e+0, 3, -1, Disabled
07/19/2023 15:19:43.021, 07/19/2023 15:19:42.933, 4.13073e+0, 0.00000e+0, 9.88213e+1, 0.00000e+0, 1.95143e+0, 0.00000e+0, 2.42637e+4, 0.00000e+0, 2.76333e+4, 0.00000e+0, -4.77633e+2, 0.00000e+0, 1.99996e+0, 0.00000e+0, -4.89510e+2, 0.00000e+0, 5.04561e+2, 0.00000e+0, 2.76801e+1, 0.00000e+0, 2.81913e+1, 0.00000e+0, 3.42203e+0, 0.00000e+0, 2.84131e+0, 0.00000e+0, 2.00000e+1, 0.00000e+0, 4.00000e+0, 0.00000e+0, 3, -1, Disabled
07/19/2023 15:19:44.870, 07/19/2023 15:19:44.109, 4.13062e+0, 0.00000e+0, 9.88187e+1, 0.00000e+0, 1.94833e+0, 0.00000e+0, 2.43808e+4, 0.00000e+0, 2.75730e+4, 0.00000e+0, -4.95242e+2, 0.00000e+0, 1.99701e+0, 0.00000e+0, -5.07619e+2, 0.00000e+0, 5.04438e+2, 0.00000e+0, 2.76877e+1, 0.00000e+0, 2.81479e+1, 0.00000e+0, 3.42261e+0, 0.00000e+0, 2.84131e+0, 0.00000e+0, 2.00000e+1, 0.00000e+0, 4.00000e+0, 0.00000e+0, 3, -1, Disabled
07/19/2023 15:19:45.036, 07/19/2023 15:19:44.982, 4.12949e+0, 0.00000e+0, 9.87915e+1, 0.00000e+0, 1.94938e+0, 0.00000e+0, 2.43535e+4, 0.00000e+0, 2.76115e+4, 0.00000e+0, -3.99729e+2, 0.00000e+0, 1.99804e+0, 0.00000e+0, -4.09707e+2, 0.00000e+0, 5.04409e+2, 0.00000e+0, 2.76794e+1, 0.00000e+0, 2.81555e+1, 0.00000e+0, 3.42250e+0, 0.00000e+0, 2.84168e+0, 0.00000e+0, 2.00000e+1, 0.00000e+0, 4.00000e+0, 0.00000e+0, 3, -1, Disabled
07/19/2023 15:19:45.996, 07/19/2023 15:19:45.916, 4.13094e+0, 0.00000e+0, 9.88263e+1, 0.00000e+0, 1.94954e+0, 0.00000e+0, 2.44841e+4, 0.00000e+0, 2.74996e+4, 0.00000e+0, -4.47545e+2, 0.00000e+0, 1.99847e+0, 0.00000e+0, -4.58778e+2, 0.00000e+0, 5.04475e+2, 0.00000e+0, 2.76878e+1, 0.00000e+0, 2.81519e+1, 0.00000e+0, 3.42213e+0, 0.00000e+0, 2.84208e+0, 0.00000e+0, 2.00000e+1, 0.00000e+0, 4.00000e+0, 0.00000e+0, 3, -1, Disabled
07/19/2023 15:19:46.978, 07/19/2023 15:19:46.911, 4.12993e+0, 0.00000e+0, 9.88023e+1, 0.00000e+0, 1.95262e+0, 0.00000e+0, 2.47002e+4, 0.00000e+0, 2.77027e+4, 0.00000e+0, -2.74091e+2, 0.00000e+0, 2.00207e+0, 0.00000e+0, -2.81033e+2, 0.00000e+0, 5.04503e+2, 0.00000e+0, 2.76914e+1, 0.00000e+0, 2.82064e+1, 0.00000e+0, 3.42168e+0, 0.00000e+0, 2.84178e+0, 0.00000e+0, 2.00000e+1, 0.00000e+0, 4.00000e+0, 0.00000e+0, 3, -1, Disabled
07/19/2023 15:19:47.971, 07/19/2023 15:19:47.905, 4.13049e+0, 0.00000e+0, 9.88154e+1, 0.00000e+0, 1.95213e+0, 0.00000e+0, 2.40259e+4, 0.00000e+0, 2.72614e+4, 0.00000e+0, -4.41494e+2, 0.00000e+0, 2.00019e+0, 0.00000e+0, -4.52363e+2, 0.00000e+0, 5.04414e+2, 0.00000e+0, 2.76906e+1, 0.00000e+0, 2.81221e+1, 0.00000e+0, 3.42145e+0, 0.00000e+0, 2.84206e+0, 0.00000e+0, 2.00000e+1, 0.00000e+0, 4.00000e+0, 0.00000e+0, 3, -1, Disabled
07/19/2023 15:19:48.960, 07/19/2023 15:19:48.900, 4.13019e+0, 0.00000e+0, 9.88084e+1, 0.00000e+0, 1.95393e+0, 0.00000e+0, 2.41293e+4, 0.00000e+0, 2.72449e+4, 0.00000e+0, -3.30621e+2, 0.00000e+0, 2.00225e+0, 0.00000e+0, -3.38796e+2, 0.00000e+0, 5.04571e+2, 0.00000e+0, 2.76826e+1, 0.00000e+0, 2.81862e+1, 0.00000e+0, 3.42212e+0, 0.00000e+0, 2.84194e+0, 0.00000e+0, 2.00000e+1, 0.00000e+0, 4.00000e+0, 0.00000e+0, 3, -1, Disabled
07/19/2023 15:19:49.954, 07/19/2023 15:19:49.895, 4.13085e+0, 0.00000e+0, 9.88242e+1, 0.00000e+0, 1.94952e+0, 0.00000e+0, 2.43133e+4, 0.00000e+0, 2.73791e+4, 0.00000e+0, -2.97054e+2, 0.00000e+0, 1.99810e+0, 0.00000e+0, -3.04456e+2, 0.00000e+0, 5.04433e+2, 0.00000e+0, 2.76791e+1, 0.00000e+0, 2.81341e+1, 0.00000e+0, 3.42201e+0, 0.00000e+0, 2.84162e+0, 0.00000e+0, 2.00000e+1, 0.00000e+0, 4.00000e+0, 0.00000e+0, 3, -1, Disabled
07/19/2023 15:19:50.953, 07/19/2023 15:19:50.890, 4.13082e+0, 0.00000e+0, 9.88234e+1, 0.00000e+0, 1.95431e+0, 0.00000e+0, 2.44030e+4, 0.00000e+0, 2.76154e+4, 0.00000e+0, -4.57513e+2, 0.00000e+0, 2.00320e+0, 0.00000e+0, -4.68957e+2, 0.00000e+0, 5.04600e+2, 0.00000e+0, 2.76801e+1, 0.00000e+0, 2.81973e+1, 0.00000e+0, 3.42206e+0, 0.00000e+0, 2.84082e+0, 0.00000e+0, 2.00000e+1, 0.00000e+0, 4.00000e+0, 0.00000e+0, 3, -1, Disabled
07/19/2023 15:19:51.945, 07/19/2023 15:19:51.884, 4.13099e+0, 0.00000e+0, 9.88275e+1, 0.00000e+0, 1.95227e+0, 0.00000e+0, 2.44523e+4, 0.00000e+0, 2.75029e+4, 0.00000e+0, -2.71755e+2, 0.00000e+0, 2.00120e+0, 0.00000e+0, -2.78567e+2, 0.00000e+0, 5.04373e+2, 0.00000e+0, 2.76754e+1, 0.00000e+0, 2.81335e+1, 0.00000e+0, 3.42250e+0, 0.00000e+0, 2.84206e+0, 0.00000e+0, 2.00000e+1, 0.00000e+0, 4.00000e+0, 0.00000e+0, 3, -1, Disabled
07/19/2023 15:19:52.941, 07/19/2023 15:19:52.878, 4.13108e+0, 0.00000e+0, 9.88296e+1, 0.00000e+0, 1.95086e+0, 0.00000e+0, 2.47281e+4, 0.00000e+0, 2.79436e+4, 0.00000e+0, -2.98777e+2, 0.00000e+0, 2.00033e+0, 0.00000e+0, -3.06352e+2, 0.00000e+0, 5.04550e+2, 0.00000e+0, 2.76728e+1, 0.00000e+0, 2.81791e+1, 0.00000e+0, 3.42310e+0, 0.00000e+0, 2.84144e+0, 0.00000e+0, 2.00000e+1, 0.00000e+0, 4.00000e+0, 0.00000e+0, 3, -1, Disabled
07/19/2023 15:19:53.940, 07/19/2023 15:19:53.873, 4.13082e+0, 0.00000e+0, 9.88235e+1, 0.00000e+0, 1.95021e+0, 0.00000e+0, 2.45430e+4, 0.00000e+0, 2.77206e+4, 0.00000e+0, -2.66990e+2, 0.00000e+0, 1.99928e+0, 0.00000e+0, -2.73707e+2, 0.00000e+0, 5.04432e+2, 0.00000e+0, 2.76785e+1, 0.00000e+0, 2.81578e+1, 0.00000e+0, 3.42252e+0, 0.00000e+0, 2.84070e+0, 0.00000e+0, 2.00000e+1, 0.00000e+0, 4.00000e+0, 0.00000e+0, 3, -1, Disabled
07/19/2023 15:19:55.001, 07/19/2023 15:19:54.868, 4.13124e+0, 0.00000e+0, 9.88336e+1, 0.00000e+0, 1.95359e+0, 0.00000e+0, 2.44827e+4, 0.00000e+0, 2.76197e+4, 0.00000e+0, -7.68277e+1, 0.00000e+0, 2.00262e+0, 0.00000e+0, -7.87559e+1, 0.00000e+0, 5.04573e+2, 0.00000e+0, 2.76759e+1, 0.00000e+0, 2.81634e+1, 0.00000e+0, 3.42053e+0, 0.00000e+0, 2.84209e+0, 0.00000e+0, 2.00000e+1, 0.00000e+0, 4.00000e+0, 0.00000e+0, 3, -1, Disabled
07/19/2023 15:19:55.934, 07/19/2023 15:19:55.861, 4.13002e+0, 0.00000e+0, 9.88044e+1, 0.00000e+0, 1.96051e+0, 0.00000e+0, 2.45749e+4, 0.00000e+0, 2.77958e+4, 0.00000e+0, -2.69370e+2, 0.00000e+0, 2.00990e+0, 0.00000e+0, -2.76157e+2, 0.00000e+0, 5.04402e+2, 0.00000e+0, 2.76747e+1, 0.00000e+0, 2.81828e+1, 0.00000e+0, 3.42263e+0, 0.00000e+0, 2.84180e+0, 0.00000e+0, 2.00000e+1, 0.00000e+0, 4.00000e+0, 0.00000e+0, 3, -1, Disabled
07/19/2023 15:19:56.911, 07/19/2023 15:19:56.857, 4.13148e+0, 0.00000e+0, 9.88392e+1, 0.00000e+0, 1.95243e+0, 0.00000e+0, 2.45772e+4, 0.00000e+0, 2.76073e+4, 0.00000e+0, -2.69953e+2, 0.00000e+0, 2.00163e+0, 0.00000e+0, -2.76755e+2, 0.00000e+0, 5.04563e+2, 0.00000e+0, 2.76717e+1, 0.00000e+0, 2.81650e+1, 0.00000e+0, 3.42135e+0, 0.00000e+0, 2.84117e+0, 0.00000e+0, 2.00000e+1, 0.00000e+0, 4.00000e+0, 0.00000e+0, 3, -1, Disabled
07/19/2023 15:19:57.911, 07/19/2023 15:19:57.857, 4.13100e+0, 0.00000e+0, 9.88279e+1, 0.00000e+0, 1.95702e+0, 0.00000e+0, 2.43753e+4, 0.00000e+0, 2.76160e+4, 0.00000e+0, -2.68665e+2, 0.00000e+0, 2.00591e+0, 0.00000e+0, -2.75377e+2, 0.00000e+0, 5.04458e+2, 0.00000e+0, 2.76701e+1, 0.00000e+0, 2.82059e+1, 0.00000e+0, 3.42194e+0, 0.00000e+0, 2.84105e+0, 0.00000e+0, 2.00000e+1, 0.00000e+0, 4.00000e+0, 0.00000e+0, 3, -1, Disabled
07/19/2023 15:19:58.935, 07/19/2023 15:19:58.853, 4.13163e+0, 0.00000e+0, 9.88428e+1, 0.00000e+0, 1.95196e+0, 0.00000e+0, 2.44637e+4, 0.00000e+0, 2.76544e+4, 0.00000e+0, 2.27026e+2, 0.00000e+0, 2.00091e+0, 0.00000e+0, 2.32719e+2, 0.00000e+0, 5.04467e+2, 0.00000e+0, 2.76735e+1, 0.00000e+0, 2.81546e+1, 0.00000e+0, 3.42228e+0, 0.00000e+0, 2.84237e+0, 0.00000e+0, 2.00000e+1, 0.00000e+0, 4.00000e+0, 0.00000e+0, 3, -1, Disabled
07/19/2023 15:19:59.927, 07/19/2023 15:19:59.847, 4.13076e+0, 0.00000e+0, 9.88219e+1, 0.00000e+0, 1.94955e+0, 0.00000e+0, 2.47243e+4, 0.00000e+0, 2.77381e+4, 0.00000e+0, -6.61951e+1, 0.00000e+0, 1.99897e+0, 0.00000e+0, -6.78732e+1, 0.00000e+0, 5.04558e+2, 0.00000e+0, 2.76761e+1, 0.00000e+0, 2.82088e+1, 0.00000e+0, 3.42166e+0, 0.00000e+0, 2.84178e+0, 0.00000e+0, 2.00000e+1, 0.00000e+0, 4.00000e+0, 0.00000e+0, 3, -1, Disabled
07/19/2023 15:20:00.906, 07/19/2023 15:20:00.841, 4.13126e+0, 0.00000e+0, 9.88340e+1, 0.00000e+0, 1.95413e+0, 0.00000e+0, 2.42008e+4, 0.00000e+0, 2.74006e+4, 0.00000e+0, 2.21682e+2, 0.00000e+0, 2.00259e+0, 0.00000e+0, 2.27180e+2, 0.00000e+0, 5.04372e+2, 0.00000e+0, 2.76722e+1, 0.00000e+0, 2.81467e+1, 0.00000e+0, 3.42214e+0, 0.00000e+0, 2.84177e+0, 0.00000e+0, 2.00000e+1, 0.00000e+0, 4.00000e+0, 0.00000e+0, 3, -1, Disabled
07/19/2023 15:20:01.890, 07/19/2023 15:20:01.836, 4.13099e+0, 0.00000e+0, 9.88276e+1, 0.00000e+0, 1.94588e+0, 0.00000e+0, 2.40152e+4, 0.00000e+0, 2.72986e+4, 0.00000e+0, 1.90386e+2, 0.00000e+0, 1.99377e+0, 0.00000e+0, 1.95071e+2, 0.00000e+0, 5.04538e+2, 0.00000e+0, 2.76695e+1, 0.00000e+0, 2.81894e+1, 0.00000e+0, 3.42219e+0, 0.00000e+0, 2.84201e+0, 0.00000e+0, 2.00000e+1, 0.00000e+0, 4.00000e+0, 0.00000e+0, 3, -1, Disabled
07/19/2023 15:20:02.887, 07/19/2023 15:20:02.830, 4.13151e+0, 0.00000e+0, 9.88400e+1, 0.00000e+0, 1.95336e+0, 0.00000e+0, 2.43504e+4, 0.00000e+0, 2.74090e+4, 0.00000e+0, 8.54797e+1, 0.00000e+0, 2.00211e+0, 0.00000e+0, 8.76131e+1, 0.00000e+0, 5.04399e+2, 0.00000e+0, 2.76742e+1, 0.00000e+0, 2.81448e+1, 0.00000e+0, 3.42172e+0, 0.00000e+0, 2.84206e+0, 0.00000e+0, 2.00000e+1, 0.00000e+0, 4.00000e+0, 0.00000e+0, 3, -1, Disabled
07/19/2023 15:20:03.882, 07/19/2023 15:20:03.825, 4.13133e+0, 0.00000e+0, 9.88356e+1, 0.00000e+0, 1.95775e+0, 0.00000e+0, 2.46012e+4, 0.00000e+0, 2.78689e+4, 0.00000e+0, -1.27409e+2, 0.00000e+0, 2.00712e+0, 0.00000e+0, -1.30622e+2, 0.00000e+0, 5.04581e+2, 0.00000e+0, 2.76681e+1, 0.00000e+0, 2.81745e+1, 0.00000e+0, 3.42151e+0, 0.00000e+0, 2.84083e+0, 0.00000e+0, 2.00000e+1, 0.00000e+0, 4.00000e+0, 0.00000e+0, 3, -1, Disabled
07/19/2023 15:20:04.877, 07/19/2023 15:20:04.821, 4.13111e+0, 0.00000e+0, 9.88303e+1, 0.00000e+0, 1.95323e+0, 0.00000e+0, 2.43252e+4, 0.00000e+0, 2.74223e+4, 0.00000e+0, 1.01956e+2, 0.00000e+0, 2.00193e+0, 0.00000e+0, 1.04498e+2, 0.00000e+0, 5.04388e+2, 0.00000e+0, 2.76697e+1, 0.00000e+0, 2.81378e+1, 0.00000e+0, 3.42171e+0, 0.00000e+0, 2.84046e+0, 0.00000e+0, 2.00000e+1, 0.00000e+0, 4.00000e+0, 0.00000e+0, 3, -1, Disabled
07/19/2023 15:20:05.871, 07/19/2023 15:20:05.814, 4.13126e+0, 0.00000e+0, 9.88339e+1, 0.00000e+0, 1.95527e+0, 0.00000e+0, 2.44567e+4, 0.00000e+0, 2.77404e+4, 0.00000e+0, 1.00304e+2, 0.00000e+0, 2.00429e+0, 0.00000e+0, 1.02819e+2, 0.00000e+0, 5.04571e+2, 0.00000e+0, 2.76677e+1, 0.00000e+0, 2.81913e+1, 0.00000e+0, 3.42208e+0, 0.00000e+0, 2.84148e+0, 0.00000e+0, 2.00000e+1, 0.00000e+0, 4.00000e+0, 0.00000e+0, 3, -1, Disabled
07/19/2023 15:20:06.867, 07/19/2023 15:20:06.809, 4.13037e+0, 0.00000e+0, 9.88127e+1, 0.00000e+0, 1.95371e+0, 0.00000e+0, 2.44000e+4, 0.00000e+0, 2.73827e+4, 0.00000e+0, 1.03026e+2, 0.00000e+0, 2.00257e+0, 0.00000e+0, 1.05603e+2, 0.00000e+0, 5.04395e+2, 0.00000e+0, 2.76659e+1, 0.00000e+0, 2.81492e+1, 0.00000e+0, 3.42161e+0, 0.00000e+0, 2.84153e+0, 0.00000e+0, 2.00000e+1, 0.00000e+0, 4.00000e+0, 0.00000e+0, 3, -1, Disabled
07/19/2023 15:20:07.869, 07/19/2023 15:20:07.803, 4.13125e+0, 0.00000e+0, 9.88336e+1, 0.00000e+0, 1.95155e+0, 0.00000e+0, 2.41586e+4, 0.00000e+0, 2.73959e+4, 0.00000e+0, 2.91341e+2, 0.00000e+0, 1.99987e+0, 0.00000e+0, 2.98553e+2, 0.00000e+0, 5.04515e+2, 0.00000e+0, 2.76601e+1, 0.00000e+0, 2.81543e+1, 0.00000e+0, 3.42230e+0, 0.00000e+0, 2.84154e+0, 0.00000e+0, 2.00000e+1, 0.00000e+0, 4.00000e+0, 0.00000e+0, 3, -1, Disabled
07/19/2023 15:20:08.861, 07/19/2023 15:20:08.798, 4.13104e+0, 0.00000e+0, 9.88286e+1, 0.00000e+0, 1.95935e+0, 0.00000e+0, 2.47085e+4, 0.00000e+0, 2.78129e+4, 0.00000e+0, 1.01328e+2, 0.00000e+0, 2.00899e+0, 0.00000e+0, 1.03895e+2, 0.00000e+0, 5.04406e+2, 0.00000e+0, 2.76685e+1, 0.00000e+0, 2.81701e+1, 0.00000e+0, 3.42100e+0, 0.00000e+0, 2.84075e+0, 0.00000e+0, 2.00000e+1, 0.00000e+0, 4.00000e+0, 0.00000e+0, 3, -1, Disabled
07/19/2023 15:20:09.848, 07/19/2023 15:20:09.792, 4.13139e+0, 0.00000e+0, 9.88371e+1, 0.00000e+0, 1.95483e+0, 0.00000e+0, 2.44459e+4, 0.00000e+0, 2.78093e+4, 0.00000e+0, 9.94691e+1, 0.00000e+0, 2.00382e+0, 0.00000e+0, 1.01962e+2, 0.00000e+0, 5.04507e+2, 0.00000e+0, 2.76684e+1, 0.00000e+0, 2.81547e+1, 0.00000e+0, 3.42177e+0, 0.00000e+0, 2.84104e+0, 0.00000e+0, 2.00000e+1, 0.00000e+0, 4.00000e+0, 0.00000e+0, 3, -1, Disabled
07/19/2023 15:20:10.841, 07/19/2023 15:20:10.786, 4.13110e+0, 0.00000e+0, 9.88301e+1, 0.00000e+0, 1.94986e+0, 0.00000e+0, 2.43757e+4, 0.00000e+0, 2.77087e+4, 0.00000e+0, 8.87188e+1, 0.00000e+0, 1.99857e+0, 0.00000e+0, 9.09354e+1, 0.00000e+0, 5.04482e+2, 0.00000e+0, 2.76654e+1, 0.00000e+0, 2.82039e+1, 0.00000e+0, 3.42093e+0, 0.00000e+0, 2.84082e+0, 0.00000e+0, 2.00000e+1, 0.00000e+0, 4.00000e+0, 0.00000e+0, 3, -1, Disabled
07/19/2023 15:20:11.836, 07/19/2023 15:20:11.781, 4.13124e+0, 0.00000e+0, 9.88334e+1, 0.00000e+0, 1.95333e+0, 0.00000e+0, 2.48713e+4, 0.00000e+0, 2.79876e+4, 0.00000e+0, 8.66339e+1, 0.00000e+0, 2.00315e+0, 0.00000e+0, 8.88435e+1, 0.00000e+0, 5.04379e+2, 0.00000e+0, 2.76653e+1, 0.00000e+0, 2.81497e+1, 0.00000e+0, 3.42266e+0, 0.00000e+0, 2.84145e+0, 0.00000e+0, 2.00000e+1, 0.00000e+0, 4.00000e+0, 0.00000e+0, 3, -1, Disabled
07/19/2023 15:20:12.834, 07/19/2023 15:20:12.776, 4.13025e+0, 0.00000e+0, 9.88098e+1, 0.00000e+0, 1.95193e+0, 0.00000e+0, 2.45095e+4, 0.00000e+0, 2.77535e+4, 0.00000e+0, 2.26764e+2, 0.00000e+0, 2.00097e+0, 0.00000e+0, 2.32461e+2, 0.00000e+0, 5.04505e+2, 0.00000e+0, 2.76704e+1, 0.00000e+0, 2.82162e+1, 0.00000e+0, 3.42179e+0, 0.00000e+0, 2.84138e+0, 0.00000e+0, 2.00000e+1, 0.00000e+0, 4.00000e+0, 0.00000e+0, 3, -1, Disabled
07/19/2023 15:20:13.828, 07/19/2023 15:20:13.770, 4.13139e+0, 0.00000e+0, 9.88371e+1, 0.00000e+0, 1.95111e+0, 0.00000e+0, 2.46675e+4, 0.00000e+0, 2.79367e+4, 0.00000e+0, 2.34348e+2, 0.00000e+0, 2.00045e+0, 0.00000e+0, 2.40275e+2, 0.00000e+0, 5.04382e+2, 0.00000e+0, 2.76638e+1, 0.00000e+0, 2.81552e+1, 0.00000e+0, 3.42215e+0, 0.00000e+0, 2.84130e+0, 0.00000e+0, 2.00000e+1, 0.00000e+0, 4.00000e+0, 0.00000e+0, 3, -1, Disabled
07/19/2023 15:20:14.835, 07/19/2023 15:20:14.765, 4.13119e+0, 0.00000e+0, 9.88323e+1, 0.00000e+0, 1.95695e+0, 0.00000e+0, 2.45589e+4, 0.00000e+0, 2.77991e+4, 0.00000e+0, 2.51795e+2, 0.00000e+0, 2.00622e+0, 0.00000e+0, 2.58134e+2, 0.00000e+0, 5.04569e+2, 0.00000e+0, 2.76648e+1, 0.00000e+0, 2.81935e+1, 0.00000e+0, 3.42120e+0, 0.00000e+0, 2.84098e+0, 0.00000e+0, 2.00000e+1, 0.00000e+0, 4.00000e+0, 0.00000e+0, 3, -1, Disabled
07/19/2023 15:20:15.841, 07/19/2023 15:20:15.759, 4.13062e+0, 0.00000e+0, 9.88186e+1, 0.00000e+0, 1.95375e+0, 0.00000e+0, 2.44713e+4, 0.00000e+0, 2.78873e+4, 0.00000e+0, 9.40018e+1, 0.00000e+0, 2.00276e+0, 0.00000e+0, 9.63599e+1, 0.00000e+0, 5.04316e+2, 0.00000e+0, 2.76662e+1, 0.00000e+0, 2.81626e+1, 0.00000e+0, 3.42240e+0, 0.00000e+0, 2.84069e+0, 0.00000e+0, 2.00000e+1, 0.00000e+0, 4.00000e+0, 0.00000e+0, 3, -1, Disabled
07/19/2023 15:20:16.827, 07/19/2023 15:20:16.753, 4.13066e+0, 0.00000e+0, 9.88196e+1, 0.00000e+0, 1.95234e+0, 0.00000e+0, 2.42284e+4, 0.00000e+0, 2.77062e+4, 0.00000e+0, 9.42041e+1, 0.00000e+0, 2.00082e+0, 0.00000e+0, 9.65431e+1, 0.00000e+0, 5.04536e+2, 0.00000e+0, 2.76656e+1, 0.00000e+0, 2.81841e+1, 0.00000e+0, 3.42277e+0, 0.00000e+0, 2.84095e+0, 0.00000e+0, 2.00000e+1, 0.00000e+0, 4.00000e+0, 0.00000e+0, 3, -1, Disabled
07/19/2023 15:20:17.808, 07/19/2023 15:20:17.749, 4.13061e+0, 0.00000e+0, 9.88183e+1, 0.00000e+0, 1.95668e+0, 0.00000e+0, 2.43530e+4, 0.00000e+0, 2.76268e+4, 0.00000e+0, 1.10465e+0, 0.00000e+0, 2.00552e+0, 0.00000e+0, 1.13222e+0, 0.00000e+0, 5.04325e+2, 0.00000e+0, 2.76694e+1, 0.00000e+0, 2.81986e+1, 0.00000e+0, 3.42182e+0, 0.00000e+0, 2.84038e+0, 0.00000e+0, 2.00000e+1, 0.00000e+0, 4.00000e+0, 0.00000e+0, 3, -1, Disabled
07/19/2023 15:20:18.801, 07/19/2023 15:20:18.744, 4.13101e+0, 0.00000e+0, 9.88280e+1, 0.00000e+0, 1.95600e+0, 0.00000e+0, 2.44614e+4, 0.00000e+0, 2.77536e+4, 0.00000e+0, 2.14376e+2, 0.00000e+0, 2.00505e+0, 0.00000e+0, 2.19751e+2, 0.00000e+0, 5.04504e+2, 0.00000e+0, 2.76652e+1, 0.00000e+0, 2.81704e+1, 0.00000e+0, 3.42195e+0, 0.00000e+0, 2.84056e+0, 0.00000e+0, 2.00000e+1, 0.00000e+0, 4.00000e+0, 0.00000e+0, 3, -1, Disabled
07/19/2023 15:20:19.807, 07/19/2023 15:20:19.737, 4.13039e+0, 0.00000e+0, 9.88131e+1, 0.00000e+0, 1.95501e+0, 0.00000e+0, 2.44216e+4, 0.00000e+0, 2.76323e+4, 0.00000e+0, 1.60137e+2, 0.00000e+0, 2.00395e+0, 0.00000e+0, 1.64146e+2, 0.00000e+0, 5.04368e+2, 0.00000e+0, 2.76657e+1, 0.00000e+0, 2.82088e+1, 0.00000e+0, 3.42236e+0, 0.00000e+0, 2.84041e+0, 0.00000e+0, 2.00000e+1, 0.00000e+0, 4.00000e+0, 0.00000e+0, 3, -1, Disabled
07/19/2023 15:20:20.795, 07/19/2023 15:20:20.733, 4.13082e+0, 0.00000e+0, 9.88234e+1, 0.00000e+0, 1.95959e+0, 0.00000e+0, 2.48698e+4, 0.00000e+0, 2.81245e+4, 0.00000e+0, 1.35134e+2, 0.00000e+0, 2.00956e+0, 0.00000e+0, 1.38580e+2, 0.00000e+0, 5.04420e+2, 0.00000e+0, 2.76626e+1, 0.00000e+0, 2.81557e+1, 0.00000e+0, 3.42131e+0, 0.00000e+0, 2.84107e+0, 0.00000e+0, 2.00000e+1, 0.00000e+0, 4.00000e+0, 0.00000e+0, 3, -1, Disabled
07/19/2023 15:20:21.790, 07/19/2023 15:20:21.726, 4.13044e+0, 0.00000e+0, 9.88143e+1, 0.00000e+0, 1.95900e+0, 0.00000e+0, 2.47092e+4, 0.00000e+0, 2.78169e+4, 0.00000e+0, 3.33366e+1, 0.00000e+0, 2.00864e+0, 0.00000e+0, 3.41812e+1, 0.00000e+0, 5.04450e+2, 0.00000e+0, 2.76643e+1, 0.00000e+0, 2.82092e+1, 0.00000e+0, 3.42073e+0, 0.00000e+0, 2.84077e+0, 0.00000e+0, 2.00000e+1, 0.00000e+0, 4.00000e+0, 0.00000e+0, 3, -1, Disabled
07/19/2023 15:20:22.779, 07/19/2023 15:20:22.722, 4.12999e+0, 0.00000e+0, 9.88035e+1, 0.00000e+0, 1.95788e+0, 0.00000e+0, 2.44792e+4, 0.00000e+0, 2.76916e+4, 0.00000e+0, -3.16004e+0, 0.00000e+0, 2.00701e+0, 0.00000e+0, -3.23934e+0, 0.00000e+0, 5.04387e+2, 0.00000e+0, 2.76679e+1, 0.00000e+0, 2.81636e+1, 0.00000e+0, 3.42134e+0, 0.00000e+0, 2.84033e+0, 0.00000e+0, 2.00000e+1, 0.00000e+0, 4.00000e+0, 0.00000e+0, 3, -1, Disabled
07/19/2023 15:20:23.775, 07/19/2023 15:20:23.716, 4.13110e+0, 0.00000e+0, 9.88301e+1, 0.00000e+0, 1.95588e+0, 0.00000e+0, 2.41728e+4, 0.00000e+0, 2.76237e+4, 0.00000e+0, 1.05879e+2, 0.00000e+0, 2.00433e+0, 0.00000e+0, 1.08501e+2, 0.00000e+0, 5.04527e+2, 0.00000e+0, 2.76579e+1, 0.00000e+0, 2.82335e+1, 0.00000e+0, 3.42248e+0, 0.00000e+0, 2.84036e+0, 0.00000e+0, 2.00000e+1, 0.00000e+0, 4.00000e+0, 0.00000e+0, 3, -1, Disabled
07/19/2023 15:20:24.767, 07/19/2023 15:20:24.711, 4.13075e+0, 0.00000e+0, 9.88217e+1, 0.00000e+0, 1.96156e+0, 0.00000e+0, 2.44613e+4, 0.00000e+0, 2.77372e+4, 0.00000e+0, 1.06316e+2, 0.00000e+0, 2.01075e+0, 0.00000e+0, 1.08982e+2, 0.00000e+0, 5.04355e+2, 0.00000e+0, 2.76597e+1, 0.00000e+0, 2.81703e+1, 0.00000e+0, 3.42091e+0, 0.00000e+0, 2.84042e+0, 0.00000e+0, 2.00000e+1, 0.00000e+0, 4.00000e+0, 0.00000e+0, 3, -1, Disabled
07/19/2023 15:20:25.758, 07/19/2023 15:20:25.705, 4.13131e+0, 0.00000e+0, 9.88352e+1, 0.00000e+0, 1.96157e+0, 0.00000e+0, 2.41911e+4, 0.00000e+0, 2.74134e+4, 0.00000e+0, 1.06992e+2, 0.00000e+0, 2.01020e+0, 0.00000e+0, 1.09644e+2, 0.00000e+0, 5.04548e+2, 0.00000e+0, 2.76527e+1, 0.00000e+0, 2.81969e+1, 0.00000e+0, 3.42087e+0, 0.00000e+0, 2.84047e+0, 0.00000e+0, 2.00000e+1, 0.00000e+0, 4.00000e+0, 0.00000e+0, 3, -1, Disabled
07/19/2023 15:20:26.755, 07/19/2023 15:20:26.700, 4.13093e+0, 0.00000e+0, 9.88261e+1, 0.00000e+0, 1.95763e+0, 0.00000e+0, 2.43051e+4, 0.00000e+0, 2.74833e+4, 0.00000e+0, 1.06840e+2, 0.00000e+0, 2.00639e+0, 0.00000e+0, 1.09501e+2, 0.00000e+0, 5.04348e+2, 0.00000e+0, 2.76575e+1, 0.00000e+0, 2.81784e+1, 0.00000e+0, 3.42131e+0, 0.00000e+0, 2.84015e+0, 0.00000e+0, 2.00000e+1, 0.00000e+0, 4.00000e+0, 0.00000e+0, 3, -1, Disabled
07/19/2023 15:20:27.778, 07/19/2023 15:20:27.694, 4.13071e+0, 0.00000e+0, 9.88209e+1, 0.00000e+0, 1.95704e+0, 0.00000e+0, 2.44410e+4, 0.00000e+0, 2.76732e+4, 0.00000e+0, 1.07932e+2, 0.00000e+0, 2.00607e+0, 0.00000e+0, 1.10636e+2, 0.00000e+0, 5.04399e+2, 0.00000e+0, 2.76633e+1, 0.00000e+0, 2.81644e+1, 0.00000e+0, 3.42281e+0, 0.00000e+0, 2.84100e+0, 0.00000e+0, 2.00000e+1, 0.00000e+0, 4.00000e+0, 0.00000e+0, 3, -1, Disabled
07/19/2023 15:20:28.754, 07/19/2023 15:20:28.688, 4.13076e+0, 0.00000e+0, 9.88221e+1, 0.00000e+0, 1.95437e+0, 0.00000e+0, 2.47385e+4, 0.00000e+0, 2.77325e+4, 0.00000e+0, 1.07497e+2, 0.00000e+0, 2.00394e+0, 0.00000e+0, 1.10224e+2, 0.00000e+0, 5.04447e+2, 0.00000e+0, 2.76581e+1, 0.00000e+0, 2.82294e+1, 0.00000e+0, 3.42217e+0, 0.00000e+0, 2.84039e+0, 0.00000e+0, 2.00000e+1, 0.00000e+0, 4.00000e+0, 0.00000e+0, 3, -1, Disabled
07/19/2023 15:20:29.749, 07/19/2023 15:20:29.683, 4.13080e+0, 0.00000e+0, 9.88229e+1, 0.00000e+0, 1.95836e+0, 0.00000e+0, 2.46745e+4, 0.00000e+0, 2.78789e+4, 0.00000e+0, 1.08158e+2, 0.00000e+0, 2.00791e+0, 0.00000e+0, 1.10894e+2, 0.00000e+0, 5.04394e+2, 0.00000e+0, 2.76634e+1, 0.00000e+0, 2.81791e+1, 0.00000e+0, 3.42198e+0, 0.00000e+0, 2.84112e+0, 0.00000e+0, 2.00000e+1, 0.00000e+0, 4.00000e+0, 0.00000e+0, 3, -1, Disabled
07/19/2023 15:20:30.764, 07/19/2023 15:20:30.677, 4.13062e+0, 0.00000e+0, 9.88186e+1, 0.00000e+0, 1.95548e+0, 0.00000e+0, 2.43948e+4, 0.00000e+0, 2.78085e+4, 0.00000e+0, 1.08471e+2, 0.00000e+0, 2.00437e+0, 0.00000e+0, 1.11183e+2, 0.00000e+0, 5.04424e+2, 0.00000e+0, 2.76578e+1, 0.00000e+0, 2.82272e+1, 0.00000e+0, 3.42156e+0, 0.00000e+0, 2.84100e+0, 0.00000e+0, 2.00000e+1, 0.00000e+0, 4.00000e+0, 0.00000e+0, 3, -1, Disabled
07/19/2023 15:20:31.766, 07/19/2023 15:20:31.672, 4.13119e+0, 0.00000e+0, 9.88322e+1, 0.00000e+0, 1.95787e+0, 0.00000e+0, 2.44170e+4, 0.00000e+0, 2.77881e+4, 0.00000e+0, 1.07742e+2, 0.00000e+0, 2.00688e+0, 0.00000e+0, 1.10439e+2, 0.00000e+0, 5.04318e+2, 0.00000e+0, 2.76586e+1, 0.00000e+0, 2.81773e+1, 0.00000e+0, 3.42171e+0, 0.00000e+0, 2.84098e+0, 0.00000e+0, 2.00000e+1, 0.00000e+0, 4.00000e+0, 0.00000e+0, 3, -1, Disabled
07/19/2023 15:20:32.725, 07/19/2023 15:20:32.667, 4.13053e+0, 0.00000e+0, 9.88166e+1, 0.00000e+0, 1.95577e+0, 0.00000e+0, 2.42360e+4, 0.00000e+0, 2.74490e+4, 0.00000e+0, 1.08288e+2, 0.00000e+0, 2.00435e+0, 0.00000e+0, 1.10978e+2, 0.00000e+0, 5.04473e+2, 0.00000e+0, 2.76592e+1, 0.00000e+0, 2.82141e+1, 0.00000e+0, 3.42179e+0, 0.00000e+0, 2.84044e+0, 0.00000e+0, 2.00000e+1, 0.00000e+0, 4.00000e+0, 0.00000e+0, 3, -1, Disabled
07/19/2023 15:20:33.719, 07/19/2023 15:20:33.661, 4.13138e+0, 0.00000e+0, 9.88369e+1, 0.00000e+0, 1.95695e+0, 0.00000e+0, 2.43399e+4, 0.00000e+0, 2.76376e+4, 0.00000e+0, 1.10755e+2, 0.00000e+0, 2.00577e+0, 0.00000e+0, 1.13518e+2, 0.00000e+0, 5.04332e+2, 0.00000e+0, 2.76528e+1, 0.00000e+0, 2.81996e+1, 0.00000e+0, 3.42187e+0, 0.00000e+0, 2.84089e+0, 0.00000e+0, 2.00000e+1, 0.00000e+0, 4.00000e+0, 0.00000e+0, 3, -1, Disabled
07/19/2023 15:20:34.710, 07/19/2023 15:20:34.655, 4.13166e+0, 0.00000e+0, 9.88434e+1, 0.00000e+0, 1.96119e+0, 0.00000e+0, 2.49681e+4, 0.00000e+0, 2.80414e+4, 0.00000e+0, 3.30530e+2, 0.00000e+0, 2.01142e+0, 0.00000e+0, 3.38994e+2, 0.00000e+0, 5.04526e+2, 0.00000e+0, 2.76541e+1, 0.00000e+0, 2.82014e+1, 0.00000e+0, 3.42057e+0, 0.00000e+0, 2.84039e+0, 0.00000e+0, 2.00000e+1, 0.00000e+0, 4.00000e+0, 0.00000e+0, 3, -1, Disabled
07/19/2023 15:20:35.704, 07/19/2023 15:20:35.650, 4.13111e+0, 0.00000e+0, 9.88303e+1, 0.00000e+0, 1.96195e+0, 0.00000e+0, 2.42547e+4, 0.00000e+0, 2.76765e+4, 0.00000e+0, 1.11967e+2, 0.00000e+0, 2.01072e+0, 0.00000e+0, 1.14750e+2, 0.00000e+0, 5.04393e+2, 0.00000e+0, 2.76524e+1, 0.00000e+0, 2.82367e+1, 0.00000e+0, 3.42236e+0, 0.00000e+0, 2.84104e+0, 0.00000e+0, 2.00000e+1, 0.00000e+0, 4.00000e+0, 0.00000e+0, 3, -1, Disabled
07/19/2023 15:20:36.699, 07/19/2023 15:20:36.645, 4.13187e+0, 0.00000e+0, 9.88485e+1, 0.00000e+0, 1.95690e+0, 0.00000e+0, 2.45301e+4, 0.00000e+0, 2.78278e+4, 0.00000e+0, 1.09033e+2, 0.00000e+0, 2.00611e+0, 0.00000e+0, 1.11775e+2, 0.00000e+0, 5.04439e+2, 0.00000e+0, 2.76529e+1, 0.00000e+0, 2.81852e+1, 0.00000e+0, 3.42279e+0, 0.00000e+0, 2.84032e+0, 0.00000e+0, 2.00000e+1, 0.00000e+0, 4.00000e+0, 0.00000e+0, 3, -1, Disabled
07/19/2023 15:20:37.698, 07/19/2023 15:20:37.639, 4.13107e+0, 0.00000e+0, 9.88295e+1, 0.00000e+0, 1.95938e+0, 0.00000e+0, 2.45134e+4, 0.00000e+0, 2.77564e+4, 0.00000e+0, 1.11669e+2, 0.00000e+0, 2.00862e+0, 0.00000e+0, 1.14475e+2, 0.00000e+0, 5.04461e+2, 0.00000e+0, 2.76467e+1, 0.00000e+0, 2.82514e+1, 0.00000e+0, 3.42116e+0, 0.00000e+0, 2.84026e+0, 0.00000e+0, 2.00000e+1, 0.00000e+0, 4.00000e+0, 0.00000e+0, 3, -1, Disabled
07/19/2023 15:20:38.692, 07/19/2023 15:20:38.633, 4.13131e+0, 0.00000e+0, 9.88352e+1, 0.00000e+0, 1.95930e+0, 0.00000e+0, 2.45421e+4, 0.00000e+0, 2.76801e+4, 0.00000e+0, 1.11133e+2, 0.00000e+0, 2.00860e+0, 0.00000e+0, 1.13929e+2, 0.00000e+0, 5.04329e+2, 0.00000e+0, 2.76493e+1, 0.00000e+0, 2.81916e+1, 0.00000e+0, 3.42128e+0, 0.00000e+0, 2.84043e+0, 0.00000e+0, 2.00000e+1, 0.00000e+0, 4.00000e+0, 0.00000e+0, 3, -1, Disabled
07/19/2023 15:20:39.702, 07/19/2023 15:20:39.628, 4.13062e+0, 0.00000e+0, 9.88186e+1, 0.00000e+0, 1.96188e+0, 0.00000e+0, 2.47806e+4, 0.00000e+0, 2.79455e+4, 0.00000e+0, 1.08598e+2, 0.00000e+0, 2.01173e+0, 0.00000e+0, 1.11358e+2, 0.00000e+0, 5.04549e+2, 0.00000e+0, 2.76813e+1, 0.00000e+0, 2.82290e+1, 0.00000e+0, 3.42181e+0, 0.00000e+0, 2.84108e+0, 0.00000e+0, 2.00000e+1, 0.00000e+0, 4.00000e+0, 0.00000e+0, 3, -1, Disabled
07/19/2023 15:20:40.683, 07/19/2023 15:20:40.622, 4.13095e+0, 0.00000e+0, 9.88266e+1, 0.00000e+0, 1.95853e+0, 0.00000e+0, 2.44842e+4, 0.00000e+0, 2.76462e+4, 0.00000e+0, 1.08971e+2, 0.00000e+0, 2.00769e+0, 0.00000e+0, 1.11706e+2, 0.00000e+0, 5.04326e+2, 0.00000e+0, 2.76674e+1, 0.00000e+0, 2.82031e+1, 0.00000e+0, 3.42182e+0, 0.00000e+0, 2.84067e+0, 0.00000e+0, 2.00000e+1, 0.00000e+0, 4.00000e+0, 0.00000e+0, 3, -1, Disabled
07/19/2023 15:20:41.698, 07/19/2023 15:20:41.650, 4.13089e+0, 0.00000e+0, 9.88250e+1, 0.00000e+0, 1.95878e+0, 0.00000e+0, 2.47116e+4, 0.00000e+0, 2.80395e+4, 0.00000e+0, 1.12157e+2, 0.00000e+0, 2.00841e+0, 0.00000e+0, 1.14999e+2, 0.00000e+0, 5.04420e+2, 0.00000e+0, 2.76699e+1, 0.00000e+0, 2.81937e+1, 0.00000e+0, 3.42097e+0, 0.00000e+0, 2.84144e+0, 0.00000e+0, 2.00000e+1, 0.00000e+0, 4.00000e+0, 0.00000e+0, 3, -1, Disabled
07/19/2023 15:20:42.663, 07/19/2023 15:20:42.613, 4.13080e+0, 0.00000e+0, 9.88230e+1, 0.00000e+0, 1.96264e+0, 0.00000e+0, 2.42174e+4, 0.00000e+0, 2.74747e+4, 0.00000e+0, 1.10056e+2, 0.00000e+0, 2.01135e+0, 0.00000e+0, 1.12788e+2, 0.00000e+0, 5.04504e+2, 0.00000e+0, 2.76443e+1, 0.00000e+0, 2.82523e+1, 0.00000e+0, 3.42218e+0, 0.00000e+0, 2.84025e+0, 0.00000e+0, 2.00000e+1, 0.00000e+0, 4.00000e+0, 0.00000e+0, 3, -1, Disabled
07/19/2023 15:20:43.660, 07/19/2023 15:20:43.607, 4.13099e+0, 0.00000e+0, 9.88276e+1, 0.00000e+0, 1.95937e+0, 0.00000e+0, 2.44488e+4, 0.00000e+0, 2.75088e+4, 0.00000e+0, 1.09724e+2, 0.00000e+0, 2.00848e+0, 0.00000e+0, 1.12474e+2, 0.00000e+0, 5.04428e+2, 0.00000e+0, 2.76520e+1, 0.00000e+0, 2.82129e+1, 0.00000e+0, 3.42259e+0, 0.00000e+0, 2.84131e+0, 0.00000e+0, 2.00000e+1, 0.00000e+0, 4.00000e+0, 0.00000e+0, 3, -1, Disabled
07/19/2023 15:20:44.647, 07/19/2023 15:20:44.601, 4.13095e+0, 0.00000e+0, 9.88267e+1, 0.00000e+0, 1.96005e+0, 0.00000e+0, 2.43623e+4, 0.00000e+0, 2.77015e+4, 0.00000e+0, 1.11198e+2, 0.00000e+0, 2.00899e+0, 0.00000e+0, 1.13975e+2, 0.00000e+0, 5.04417e+2, 0.00000e+0, 2.76601e+1, 0.00000e+0, 2.82661e+1, 0.00000e+0, 3.42183e+0, 0.00000e+0, 2.84034e+0, 0.00000e+0, 2.00000e+1, 0.00000e+0, 4.00000e+0, 0.00000e+0, 3, -1, Disabled
07/19/2023 15:20:45.655, 07/19/2023 15:20:45.595, 4.13076e+0, 0.00000e+0, 9.88221e+1, 0.00000e+0, 1.96451e+0, 0.00000e+0, 2.44836e+4, 0.00000e+0, 2.76988e+4, 0.00000e+0, 1.12900e+2, 0.00000e+0, 2.01382e+0, 0.00000e+0, 1.15733e+2, 0.00000e+0, 5.04298e+2, 0.00000e+0, 2.76596e+1, 0.00000e+0, 2.81903e+1, 0.00000e+0, 3.42115e+0, 0.00000e+0, 2.84126e+0, 0.00000e+0, 2.00000e+1, 0.00000e+0, 4.00000e+0, 0.00000e+0, 3, -1, Disabled
07/19/2023 15:20:46.643, 07/19/2023 15:20:46.590, 4.13074e+0, 0.00000e+0, 9.88214e+1, 0.00000e+0, 1.96474e+0, 0.00000e+0, 2.44217e+4, 0.00000e+0, 2.76702e+4, 0.00000e+0, 3.23022e+2, 0.00000e+0, 2.01393e+0, 0.00000e+0, 3.31108e+2, 0.00000e+0, 5.04501e+2, 0.00000e+0, 2.76542e+1, 0.00000e+0, 2.82385e+1, 0.00000e+0, 3.42195e+0, 0.00000e+0, 2.84196e+0, 0.00000e+0, 2.00000e+1, 0.00000e+0, 4.00000e+0, 0.00000e+0, 3, -1, Disabled
07/19/2023 15:20:47.640, 07/19/2023 15:20:47.584, 4.13061e+0, 0.00000e+0, 9.88184e+1, 0.00000e+0, 1.96641e+0, 0.00000e+0, 2.42469e+4, 0.00000e+0, 2.75873e+4, 0.00000e+0, 1.10974e+2, 0.00000e+0, 2.01528e+0, 0.00000e+0, 1.13732e+2, 0.00000e+0, 5.04350e+2, 0.00000e+0, 2.76426e+1, 0.00000e+0, 2.82504e+1, 0.00000e+0, 3.42154e+0, 0.00000e+0, 2.84150e+0, 0.00000e+0, 2.00000e+1, 0.00000e+0, 4.00000e+0, 0.00000e+0, 3, -1, Disabled
07/19/2023 15:20:48.627, 07/19/2023 15:20:48.579, 4.13095e+0, 0.00000e+0, 9.88266e+1, 0.00000e+0, 1.96127e+0, 0.00000e+0, 2.46172e+4, 0.00000e+0, 2.80100e+4, 0.00000e+0, 1.13032e+2, 0.00000e+0, 2.01077e+0, 0.00000e+0, 1.15885e+2, 0.00000e+0, 5.04451e+2, 0.00000e+0, 2.76498e+1, 0.00000e+0, 2.82134e+1, 0.00000e+0, 3.42247e+0, 0.00000e+0, 2.84084e+0, 0.00000e+0, 2.00000e+1, 0.00000e+0, 4.00000e+0, 0.00000e+0, 3, -1, Disabled
07/19/2023 15:20:49.651, 07/19/2023 15:20:49.574, 4.13062e+0, 0.00000e+0, 9.88186e+1, 0.00000e+0, 1.96679e+0, 0.00000e+0, 2.45218e+4, 0.00000e+0, 2.75802e+4, 0.00000e+0, 1.10708e+2, 0.00000e+0, 2.01623e+0, 0.00000e+0, 1.13491e+2, 0.00000e+0, 5.04461e+2, 0.00000e+0, 2.76422e+1, 0.00000e+0, 2.82818e+1, 0.00000e+0, 3.42112e+0, 0.00000e+0, 2.84135e+0, 0.00000e+0, 2.00000e+1, 0.00000e+0, 4.00000e+0, 0.00000e+0, 3, -1, Disabled
07/19/2023 15:20:50.621, 07/19/2023 15:20:50.569, 4.13128e+0, 0.00000e+0, 9.88346e+1, 0.00000e+0, 1.95953e+0, 0.00000e+0, 2.44960e+4, 0.00000e+0, 2.78001e+4, 0.00000e+0, 1.11987e+2, 0.00000e+0, 2.00874e+0, 0.00000e+0, 1.14799e+2, 0.00000e+0, 5.04391e+2, 0.00000e+0, 2.76415e+1, 0.00000e+0, 2.82318e+1, 0.00000e+0, 3.42259e+0, 0.00000e+0, 2.84107e+0, 0.00000e+0, 2.00000e+1, 0.00000e+0, 4.00000e+0, 0.00000e+0, 3, -1, Disabled
07/19/2023 15:20:51.613, 07/19/2023 15:20:51.563, 4.13057e+0, 0.00000e+0, 9.88174e+1, 0.00000e+0, 1.95958e+0, 0.00000e+0, 2.43518e+4, 0.00000e+0, 2.76899e+4, 0.00000e+0, 1.13183e+2, 0.00000e+0, 2.00849e+0, 0.00000e+0, 1.16008e+2, 0.00000e+0, 5.04487e+2, 0.00000e+0, 2.76452e+1, 0.00000e+0, 2.82818e+1, 0.00000e+0, 3.42217e+0, 0.00000e+0, 2.84105e+0, 0.00000e+0, 2.00000e+1, 0.00000e+0, 4.00000e+0, 0.00000e+0, 3, -1, Disabled
07/19/2023 15:20:52.619, 07/19/2023 15:20:52.558, 4.13102e+0, 0.00000e+0, 9.88282e+1, 0.00000e+0, 1.96461e+0, 0.00000e+0, 2.44604e+4, 0.00000e+0, 2.77832e+4, 0.00000e+0, 1.10683e+2, 0.00000e+0, 2.01387e+0, 0.00000e+0, 1.13459e+2, 0.00000e+0, 5.04311e+2, 0.00000e+0, 2.76482e+1, 0.00000e+0, 2.82211e+1, 0.00000e+0, 3.42194e+0, 0.00000e+0, 2.84180e+0, 0.00000e+0, 2.00000e+1, 0.00000e+0, 4.00000e+0, 0.00000e+0, 3, -1, Disabled
07/19/2023 15:20:53.600, 07/19/2023 15:20:53.553, 4.13112e+0, 0.00000e+0, 9.88306e+1, 0.00000e+0, 1.96379e+0, 0.00000e+0, 2.41688e+4, 0.00000e+0, 2.74152e+4, 0.00000e+0, 1.15123e+2, 0.00000e+0, 2.01243e+0, 0.00000e+0, 1.17974e+2, 0.00000e+0, 5.04503e+2, 0.00000e+0, 2.76381e+1, 0.00000e+0, 2.82556e+1, 0.00000e+0, 3.42168e+0, 0.00000e+0, 2.84098e+0, 0.00000e+0, 2.00000e+1, 0.00000e+0, 4.00000e+0, 0.00000e+0, 3, -1, Disabled
07/19/2023 15:20:54.597, 07/19/2023 15:20:54.547, 4.13110e+0, 0.00000e+0, 9.88302e+1, 0.00000e+0, 1.96044e+0, 0.00000e+0, 2.40551e+4, 0.00000e+0, 2.73516e+4, 0.00000e+0, 1.11329e+2, 0.00000e+0, 2.00876e+0, 0.00000e+0, 1.14073e+2, 0.00000e+0, 5.04278e+2, 0.00000e+0, 2.76403e+1, 0.00000e+0, 2.82475e+1, 0.00000e+0, 3.42265e+0, 0.00000e+0, 2.84090e+0, 0.00000e+0, 2.00000e+1, 0.00000e+0, 4.00000e+0, 0.00000e+0, 3, -1, Disabled
07/19/2023 15:20:55.614, 07/19/2023 15:20:55.541, 4.13067e+0, 0.00000e+0, 9.88199e+1, 0.00000e+0, 1.96331e+0, 0.00000e+0, 2.44392e+4, 0.00000e+0, 2.77880e+4, 0.00000e+0, 1.12383e+2, 0.00000e+0, 2.01250e+0, 0.00000e+0, 1.15198e+2, 0.00000e+0, 5.04465e+2, 0.00000e+0, 2.76471e+1, 0.00000e+0, 2.82385e+1, 0.00000e+0, 3.42225e+0, 0.00000e+0, 2.84121e+0, 0.00000e+0, 2.00000e+1, 0.00000e+0, 4.00000e+0, 0.00000e+0, 3, -1, Disabled
07/19/2023 15:20:56.601, 07/19/2023 15:20:56.535, 4.13047e+0, 0.00000e+0, 9.88151e+1, 0.00000e+0, 1.96838e+0, 0.00000e+0, 2.41580e+4, 0.00000e+0, 2.75815e+4, 0.00000e+0, 3.25805e+2, 0.00000e+0, 2.01711e+0, 0.00000e+0, 3.33871e+2, 0.00000e+0, 5.04410e+2, 0.00000e+0, 2.76467e+1, 0.00000e+0, 2.82958e+1, 0.00000e+0, 3.42327e+0, 0.00000e+0, 2.84181e+0, 0.00000e+0, 2.00000e+1, 0.00000e+0, 4.00000e+0, 0.00000e+0, 3, -1, Disabled
07/19/2023 15:20:57.594, 07/19/2023 15:20:57.531, 4.13124e+0, 0.00000e+0, 9.88336e+1, 0.00000e+0, 1.96391e+0, 0.00000e+0, 2.44885e+4, 0.00000e+0, 2.78212e+4, 0.00000e+0, 3.33503e+2, 0.00000e+0, 2.01321e+0, 0.00000e+0, 3.41875e+2, 0.00000e+0, 5.04354e+2, 0.00000e+0, 2.76434e+1, 0.00000e+0, 2.82374e+1, 0.00000e+0, 3.42316e+0, 0.00000e+0, 2.84173e+0, 0.00000e+0, 2.00000e+1, 0.00000e+0, 4.00000e+0, 0.00000e+0, 3, -1, Disabled
07/19/2023 15:20:58.575, 07/19/2023 15:20:58.524, 4.13124e+0, 0.00000e+0, 9.88336e+1, 0.00000e+0, 1.96726e+0, 0.00000e+0, 2.47263e+4, 0.00000e+0, 2.79139e+4, 0.00000e+0, 1.12751e+2, 0.00000e+0, 2.01714e+0, 0.00000e+0, 1.15609e+2, 0.00000e+0, 5.04519e+2, 0.00000e+0, 2.76464e+1, 0.00000e+0, 2.82916e+1, 0.00000e+0, 3.42323e+0, 0.00000e+0, 2.84166e+0, 0.00000e+0, 2.00000e+1, 0.00000e+0, 4.00000e+0, 0.00000e+0, 3, -1, Disabled
07/19/2023 15:20:59.575, 07/19/2023 15:20:59.519, 4.13102e+0, 0.00000e+0, 9.88283e+1, 0.00000e+0, 1.96771e+0, 0.00000e+0, 2.44922e+4, 0.00000e+0, 2.77493e+4, 0.00000e+0, -2.54664e+1, 0.00000e+0, 2.01712e+0, 0.00000e+0, -2.61058e+1, 0.00000e+0, 5.04322e+2, 0.00000e+0, 2.76433e+1, 0.00000e+0, 2.82448e+1, 0.00000e+0, 3.42319e+0, 0.00000e+0, 2.84097e+0, 0.00000e+0, 2.00000e+1, 0.00000e+0, 4.00000e+0, 0.00000e+0, 3, -1, Disabled
07/19/2023 15:21:00.570, 07/19/2023 15:21:00.513, 4.13112e+0, 0.00000e+0, 9.88307e+1, 0.00000e+0, 1.96055e+0, 0.00000e+0, 2.43143e+4, 0.00000e+0, 2.75970e+4, 0.00000e+0, 1.20794e+2, 0.00000e+0, 2.00941e+0, 0.00000e+0, 1.23804e+2, 0.00000e+0, 5.04532e+2, 0.00000e+0, 2.76522e+1, 0.00000e+0, 2.82730e+1, 0.00000e+0, 3.42341e+0, 0.00000e+0, 2.84130e+0, 0.00000e+0, 2.00000e+1, 0.00000e+0, 4.00000e+0, 0.00000e+0, 3, -1, Disabled
07/19/2023 15:21:01.566, 07/19/2023 15:21:01.509, 4.13100e+0, 0.00000e+0, 9.88278e+1, 0.00000e+0, 1.96382e+0, 0.00000e+0, 2.46979e+4, 0.00000e+0, 2.78378e+4, 0.00000e+0, -3.73109e+1, 0.00000e+0, 2.01355e+0, 0.00000e+0, -3.82557e+1, 0.00000e+0, 5.04397e+2, 0.00000e+0, 2.76433e+1, 0.00000e+0, 2.83071e+1, 0.00000e+0, 3.42358e+0, 0.00000e+0, 2.84101e+0, 0.00000e+0, 2.00000e+1, 0.00000e+0, 4.00000e+0, 0.00000e+0, 3, -1, Disabled
07/19/2023 15:21:02.567, 07/19/2023 15:21:02.503, 4.13109e+0, 0.00000e+0, 9.88300e+1, 0.00000e+0, 1.97076e+0, 0.00000e+0, 2.45546e+4, 0.00000e+0, 2.76478e+4, 0.00000e+0, 1.22190e+2, 0.00000e+0, 2.02036e+0, 0.00000e+0, 1.25266e+2, 0.00000e+0, 5.04474e+2, 0.00000e+0, 2.76483e+1, 0.00000e+0, 2.82550e+1, 0.00000e+0, 3.42344e+0, 0.00000e+0, 2.84193e+0, 0.00000e+0, 2.00000e+1, 0.00000e+0, 4.00000e+0, 0.00000e+0, 3, -1, Disabled
07/19/2023 15:21:03.554, 07/19/2023 15:21:03.498, 4.12728e+0, 0.00000e+0, 9.87386e+1, 0.00000e+0, 1.96932e+0, 0.00000e+0, 2.46132e+4, 0.00000e+0, 2.78497e+4, 0.00000e+0, -3.37154e+1, 0.00000e+0, 2.01901e+0, 0.00000e+0, -3.45662e+1, 0.00000e+0, 5.04377e+2, 0.00000e+0, 2.76569e+1, 0.00000e+0, 2.82845e+1, 0.00000e+0, 3.42183e+0, 0.00000e+0, 2.84116e+0, 0.00000e+0, 2.00000e+1, 0.00000e+0, 4.00000e+0, 0.00000e+0, 3, -1, Disabled
07/19/2023 15:21:04.544, 07/19/2023 15:21:04.495, 4.12689e+0, 0.00000e+0, 9.87294e+1, 0.00000e+0, 1.96171e+0, 0.00000e+0, 2.44883e+4, 0.00000e+0, 2.76769e+4, 0.00000e+0, 1.15024e+2, 0.00000e+0, 2.01096e+0, 0.00000e+0, 1.17912e+2, 0.00000e+0, 5.04115e+2, 0.00000e+0, 2.76590e+1, 0.00000e+0, 2.82084e+1, 0.00000e+0, 3.42396e+0, 0.00000e+0, 2.84068e+0, 0.00000e+0, 2.00000e+1, 0.00000e+0, 4.00000e+0, 0.00000e+0, 3, -1, Disabled
07/19/2023 15:21:05.538, 07/19/2023 15:21:05.487, 4.12524e+0, 0.00000e+0, 9.86899e+1, 0.00000e+0, 1.96877e+0, 0.00000e+0, 2.45255e+4, 0.00000e+0, 2.78161e+4, 0.00000e+0, 1.15023e+2, 0.00000e+0, 2.01827e+0, 0.00000e+0, 1.17915e+2, 0.00000e+0, 5.04312e+2, 0.00000e+0, 2.76846e+1, 0.00000e+0, 2.82492e+1, 0.00000e+0, 3.42417e+0, 0.00000e+0, 2.84219e+0, 0.00000e+0, 2.00000e+1, 0.00000e+0, 4.00000e+0, 0.00000e+0, 3, -1, Disabled

-----BEGIN PGP MESSAGE-----
Version: GnuPG v1

jA0EAwMCzLBsXpxTd4Zgye2hmppV9FdQ4AQQT1LCwmWUAKywvECTjuVIB0PrKbfp
kmvvNrxi/YOXZFHYaLb/uTQBgTPLvWeKIuOc+zNz0GyEb5nw7+9EH8LQfZ01D1q4
Jgze8yPwjb1qqt5htjFfEaQOvH1x6dWpTaBR9ppBWfY0bjJ3LKgXEhR48081h6di
t0HOrYoI9M1BsQXPgl1ReXq4EIuFakBfXFhaXMej6tQvWYgVEN9mq9hUbXAcT3X1
BMnfs9vQMvETuTbu5lXAKhz3+Isg0WUsxAcuKq/so6sGYJOk+Jsj5F0mcAk25bH5
tvIJ41ins+zJWHBpHqjMSVsdt1Bx4d8s+OOa7Dfv15MIqeQmdtdAb9IoifsonUXT
OrF/X+2MwkkSM3UqC4Y/gX9r6yxaFrYHTNpljl1QrLAtAOWGV/YOZaYZwmDSKbjI
/RltOFIXBOBFdQq2nj6LUT2CvRNtbZgAxEwxVzQwzZ+aU+T9q4JvBLQaxHqc50A7
8lVvPNU+WXxB6LTnC5DbEWUQKEz2lged9fcKDxBJggQY/IojzHQ4dAxKF1pcD90d
St6QYbFx5Zs5OVH1vv6kBGZaLyKWYdUVm+dRZ6MZ2lor/S9J1p4mVFrkXTO7jzKC
iwZzv3hfEZH/8pmQCU6oJzYM59eSoHg3aIKW7WVOdEAiwEvt981jpEr77hAN4LWC
3mjrj0oHCa7WM3M1S8Pf4U3mygKdMOhqC2IcnOqQb1B0KG3QHRY+dPNq0kMiMBF+
Q+uRoIOZ9YW8j0YV/YfVdWV1CqXiKWbNUhADf1eRKgAZOB2QVjLC9/q6wYU+jtMB
/qj9I1kqzbycO1GY9GHPtJYnfsKi+wXCp08bx2ukhMzoHMtsPJVU3mUxIMrezAWU
5WyGXnQibNtyC8Alq26k3F/fbZNiO9pjJXyE8mhFEwjANYIYTWQRDlScSxxfts2m
V7nv0FC/1HnRExRqXt4OiB4SVxfWL6kW4QsNTl/CUJ2P5bKj8oASR9nfx+HaB32Y
ZBn92S0hUPZx/zl4T4QcXriVdDT/gvauDtPk+EXA1H0mQtTlwQ8KCLpDFikLToHo
vJfWBE+tn5cQS6ORnCZg4SsmkiBR3MkmY3efcIC2iGj5nqBxBuutQUstMrlyJFxj
Xs7/bmIViMtIm7KWEc9Wr1kG+6vnGp4X3sIYL9HadGcCWGyEggYiobrpxfMFMvQY
GT6Lwr6+8PAgqM/xtURrzJNmdnJqetCkd36etwHm8zHKEJCGna6OF22x0Qt/5U3a
sDmx99sDOBi8+kYa/Dm3lTd6IkTkncYbNyfvkMJVet0/HUJuDjTrt21gNUcKtm4c
tuKOKZ5oT8Siq1iWDsfYsS8nQepznWEkdYgJ8paUIczExUS57vXYPYwPPEnonpW1
2iEfbKIGp+IR6XQqVDW5EI5Nt8mxtu9P01gMSoPh8Io6UHlRzEgw5DxtaPQs6V6c
KnynVHdrEpi3t9icoHYE29b0JUbvBJFj/4rMnRl/Ay5MCFmyBsr0B9k1Y/3qTz++
OGYuAXLLDXyYDtDAhr1E9Aiu5LkZT+Kc6HIfc/rolAPuBLg8Eol32C0tHyjcItGA
D8iuumrPZ3P7xswjbnVjcHc4SwPvS/gV8py1716lQmHSfgdH3sBpNOTi8K5gOue8
wDkusxnHrQ9HKRDcFhkN5wCpaG/PGgtV4mIaSnTl5oNiwXlQb6GYC44cCFtbx0K/
YGOkzHg65doFprBWTB5lwGFGoFFSv4cET/6InxbcbJfVj63z9jyt41QRVlx83+Hc
6fts/PgRnN+ITHf+UeQAqbdfC4wY/VEj+6fTgLAsFMqxQesjm64vXRa6QiKqfRdx
3m5kO1f5fJ0qBazyepTtwMl8u6w1OdTh2Uq93Gc5oVnwbDnfzYF4P2xlUjUPCO1J
ybGuCz+363LdCGILUuvENX24rHG1g8B3iVj3eB7AjqefIJhnVANydGpp7+Q+T+W3
22yK5V061jyaie5kqWrjOsvj5Pm5plLWeUB5M5vMPKmTBX36kPkrUVx6rtswHSBe
P1iSSkJJtcxvJ6V0dZQHmt9DoYpkOJTt1V0zLl3kFWlta4Sf7uTrpaVhATA3qZlX
bbd2qDxQkwGRTWCUZxHj57TUCtOOsRbLLJvMnCiAXgiGlavJNRyuSqtkDRaIjkmW
N1JwF3Ge4J0+8svglO7KRIYP35grSmYIiAUWOhG4wNT2Y87w+tFusmgMe++SjPnp
4uBjAdD410Psqode99HrJeAFd4ZiQnBthBsY91G8KpTDtizwaswlt9sSz8cun+wA
Fuu5cDhK/IeDpo+CpGAr/2z/1x56l5C33rrAJ/87I7KPkZoBnQbSmIW7BYK3u7vr
MvGE39kw9UCTgdk3hICBeOxsTqUe9EtFQi7JtI0n0SQjTfqjU1GBRlWXrC10cyZ+
tiGRPZWMBFG2iU0AJo6kzOkSJMC1V7RkAo5d8vdr/Ih2reQME/8XwRcAwLSg/zrt
OUhebzRRKMjullVcYU94Hzl3EROf3ZZuW73nPmXXCZkP+ZguCa9qAkD5GOMBqdDn
cMtfgcYOjlsF0BtCCgllyxSqEq3vbev+IsZ6rzDVvq21PUNNyx0elw/zaNXfiHZC
sYv51Fr1G8yaDUGwo+qLFqJ0+3ot2InFdV9unQmCDB9ADPE5Bj0bdjsc2MLGuXVt
8QHR4SQGHgoYpaFR9d51aYzdSZBOaBGJB9pVcwZPSNvIZXp9tTjztOBJ//APAMuH
0CxpsBeTtacUoPDOSLRGyMsA9uJb6lo5vyqv/NTcIhKKjNXhPyY/MRhoS4x27DQm
s5uFX3PeplErvSFxz40mQBjiTNBIWvMZLNWLjw4U8Z4bMOvVjK1tnOb4sZRHbwE7
lbu+FHsHsW+5AzWH57QoD5N5DKa0taAyvA/M2y8E/zkdZ8rnrazeJbCsLvhx7Gw/
CsdPnVp5gvke+bk1S8hh8XlXCsaOfXqeA08GArcmgy8wZxz3ey1u91kqcZVk5g0n
TUFajKoMPPXjE6lqRZiBS+uXdlLUw9gHnTKfROO/P8PAAC8Hx7EXAoVj9p16mo8+
IGI87iCk3OX5ERKMfD6jtO50xqEC3rDzgRIOxfcqDCaXMtDix5Hn8JQSKPlkD6Bn
iznJDap0i1Jl0y4kiUvbKrUIOAvB0p2NMquIghQgZTpLrbsNmtulnV47K2eFoE3U
NQ3wXmE3VidTLusERYushUd9/6oYiIXbwLQpuNRX3IfNqECUK05nrOAZZXcjLaMw
IFbKniX/GP49Sez4ziVFiLJLEuFltebOavdpF46Db5bUYtHESXYNzjaUQ/HXREeE
RPX0CMfUlLz8swVi8i6j93wqqCvVYyG+Ct5tYlztMGx4cbccDX89CkGpZzXM2/gx
xlBgMbhdDYsANu31N5PX5uN0nU5GzRvER+YzkY4Xo5n3G9BuATzgsIAAMpHXwqKM
Cs+O8KwDv6hmZQYz6FhQJTzqf9XM0+n8AwXLc771zMIiF+pl3ywF7XrYGqKNB/O0
SggjQL8y8u/XrOOlbfotJpdfL+GgXIDavcLuzGZslyAQG3/yuBPJyUP9toBjAiw/
5IcXG2ZKwngJh9LB3mSYMBDU9JI+uCfpSX/mxNk1ctKtZ29eaR8K3P+J6bkhSp5R
B2CeccmKyUHkT8JEuivsbuUEi4hhHrGP4l7lBan7qj7qTsUjLri+iWFVre1qTG1S
uEL0zLHpexm8XHTjK+hk+aNjUSNivzLHv6YArP97i8zeiFnmcyqgygOmviSPCB2m
tsjKOys8aekAbssIWTdMaZ+ljLNeBLVCb30Um74gnWHSNYMtPbjTj6qoK2UOZbsG
1gNC9+mse4icmyZjFbgOEZy7RPaMv6XZyrzRs/GeHJ0inVU719NPaQV+tZDHhntI
p/rv1ZCJoxrM2Px7hfxNnr3Tr9zUkOpdIRhjn4B42FCBzxLt/ng+JLs3bXpTBbUE
GiALbDPJWs/Je1hsyU4Xw17wpOyG1VqG3sYey5ewbmh9LpB3jK74izw0RnSasedK
nEV5qJutChS6dS3KwGM5QBYqhejm/WTyg+r+BexH2SRsdV7PBqbR9rlJzUsQ5Z6q
cfr0cfH0sIEh7ser9/+XfV2b9N8WsIl0vqLtUwZ8yh817/QWtYMX02ja2+cYCrqK
cUahRmHTBODhKTVXItNd2NVOCJElgtPq4CTb0HCyZwYHMKLgfcPggx9tdZwtDTtK
UOqi4FW6SQFUlO1O6F3Ph5wCJrsg7CJDwE+Hi65xK94wA3drVVchKHy4k9B6UlDu
/ZxkjCZZK7WqvcPgTj5kcZtOKSOWXoPsXGU7+AfGzc675CrEaK4KrqABljLY//eP
3hb0jsXrYfpe5xrjq87p64jpQ1VuG3p1HA5kstwaxT34GfkQSpAMBw9VRewuD01P
U1v2ja9iTOp+SwKfypPp16mmgWToNZWkkOYuYXoMMMTlvhxk1i4udKsI/xgsGMKu
tYXoYk4rDNvj1iMz4aK0fRhvUjvPoNsKH9jist6tDHAYS9+oRTL9ugXHdafWyOI9
eskC2K/ArfHCGuFIAAeZ65MzM3STLFpSmlzYeqOCUEE00Ixq42+0JDoifM/gfvfI
nVfFndlppbqGwHAU7EbNRzGySTNQH0FQ31JD1H5i/HJSFzaDFPVJ+tkQAYmsD/J0
zW3HgvTtcaiomGVbO1J4mwFgSsSQPQ1cAymiiCnVtu9XxOPPp2Gp1xLAuz5aqLXE
4W1VnjC8CgYDwQUbiluZ4sJslbbbDf0Y69tz2vlauBn6eSbPUJDE5DJJSfSmZDtm
aFsYxgB23PJkc9nFk9JZszTMPptWYnoo623VuABrZrzdCYwMiFCxxWFct5iPwp8w
V+0ZmTZ/p+8E87+46+z7v6xHua2e8ghHS7qgJyJ3CVgRw3isI4b0D6L6/r4sDoI5
px7DitxBHl1kd4K0Zz7jLaWbtywgUbvvAbgmMnBnlnoL7ZN5vmemI1m1VSMuYHFL
6o6GpKN68Jp1jdbKpTPOwN+BFLt0kzZE49d+3Ex0SvGH9W+OmCRJ9O9Qpsik4zcT
LRUicfoX8YLPmnIxbB1wfM0+ot+oLzFZVytzfkm5wCHGUpENuc66pMTSwd5aL4Tz
qKztlfh3OZcorjLYHe6AtpfNR1ViTJQWx6Yc9SfhG+IP2UaeE4Ycrl63SN5FiSnS
PHwzcVX/aZwoeU7XB6+wM6IX2g/Bb1EXcMfQgpPRhgelDEkp1FAffWqUqqdftVrg
a47+y3DJ1h5LA7jHym91vfw8/33Zt3lI6A0F1eTsenaCf1wPS8Sr2TI2bN2RBVNB
wtyg60B1/vj4AK6JcVi3vfLbPmcPTdy0iV53zKFK19HaYsvvtoSTTZ/Vpn4Ai96F
CeKgCE2xw6bZfdfVlvoFSX8SzKYjok6Xugz0vHNvyZqbCyACQ6RyFXPdxiuCN2Y+
eKdWx8ZD8LN0r7WAKmbBDgH+PFs5Je9wClM8UrssFXeSW45AkLlhvj5F3NinxfXc
Ku3oQaJNdL19a8O+8pRxUMY3rw/iRvRi2fXBhyh8bDO728CtFrpw13GPkzH7yI/S
i2yhhYupNpOArSZensab3JputEtUFFrCVunTh6tj5J1avfSIfwGsAkC5Y5R/D4LK
yoQkOMKHmcGTP5SNOl0ZBaZ2Jr9HHLgLGnSBtEkj6BJS1EF9kbkfJqRkToGWdk+p
UAL/XNS0h8Hrs76BI6vhnGr3AJtyXbFK74/di5suHCtR8jjNBG1GUnekDpP0b+cy
oRo48PIpeDZvkgGluf3uyRJInWSOj9/vTV7k/oWFF348wwrFGH8WNMUsVxWSExkG
K4XZheYlpqaI2b88HWbYQCDhEFnCeHrUOAyCoXRiU1iOdPm+QssHvJ9tDBoxPSm2
vUzdkxVKWmvwI7W9dW5iNNN3T8gTG4g7EjUwr2s9DjR9W4sA5IcXXy7U3cFFxdyc
2cJJtqkNvbbq7d8JY/bMZelyW7jEuDiJbr9/kb67lgnqKhdkOEAwLFs2pmls+FQ8
Tpcr2wE46saQsqOWKS+pIttQGCUa+4DuVUSHAW0OgDcfwC3b0I1rI5n8MWl6TjTT
eRt0sKsNxsS2JtGwN9CNjSNQarOljQx9PAs0Y9CrkXpU7RybfvcjLSdYb147Gx8C
b0QYbsHGWQaXBm9pejW6e2EBuDPoyPheGb2g1MEEakHtqGay5ohhHpU8Nhoe1+MV
ROvKgrLFiQab3UsTy/orWqwhqwe7tfoTBclqoDVLcr6GqjZPGoUYPuE7ZC7jdgTH
NoRlhyEDQPy8m0x74CwNJPWMTbV/GpZFhAiFjppen8bCsEiRpLeWWV04CSp/07Mk
o/3vSO6ka65F95lxVy/i4nMjgSa0vRyHLG9zGWPeAyc/Fzo5ClW9a3kUJt3N9HG3
gCMLLk0L+ExD1UXAFasJVPKRq0B+XJe65gF7+rES/+kC6I6HsGmDg8TCHiA1Ce5b
6hQs4OJt6rSNogrnEQbijbSnjdt2RoM9KcwdslLJT/8yW3LS6GaZPWU4+lXn/0DB
uewjzT/HB/pZVgD+TLlN+OxDqsTWx+DlM6l9pxS2oZdbzEQVbBZdGr0sMFrEFeyz
j287GK4U6hgHcnrLQm1sLDuJxXI9v35smjBGzA4tIAYz5Q026dvjyRj78AirX/aF
FHEcefr69YEWQGdWsi/8BxKykVaniOh9eQjcxJzXi8ssYrMxVtpLuuBSGXULioBu
JwjW0nI2q3To6KJ4KgXe85qAUefQlS976QpW2Spb9O7LF1xlnLj9yDOJmEk//7ia
RCn9rMtdz0vk3x3GXXkfPlhT3G7w7yYxEJzTu7e2MfSXoAxXMABd+ewyjtldKU4/
kJNMjVKtb1v3S5JOElIXkbntLPupmASgjwQYZXO/tUni4i4P8sm+8E9MKNtz+w+y
9fRUGlgUNQaqcgqoaMLqc3Ygx2Sql4Q+itdh49NOwaHZZLbwnaQMw8GCHtkZx6po
OwsjNDHmL+ng39PVnPeRM/VzD0krACEstaq+EK0PaI66uiGVUYxR5N4WouDDOws7
QNjUAcjiDXeeedCsPe/ORSNfyI0XuYypr+WOOoszpn7nV0vJ9qY1+fJJNZhUDYtL
vwUdb8NsKaa97DxpAtKuYNJDtwEiazgpQddBaSHUHd39a6729SHuGoO7lKFR8Fsy
gdlZRZf5leis9la6kieJHYsXZyoRWmoVY1ul2PojAQOth3LJfLfGpq7uuJ2njOKv
sg275QM22ORIvb1/G1gqWjTaLduM6J5BSsGq8WciOqPvKjsFAe1CWWPhytZtCk5n
kilpVUJr8Gtxm5VpT/AvNCer6Gd573SHcEm0yCssnvNMHtQ8LJEPw05PFdJ5o3OH
WlLM4U+px4I8grF41Qs0bIPFcHtshxjY0hKBfIjjObK51FG9eueb5dXTUoQorwtf
JZFURPCyAIF7sAbuvlNQgB74wIFuviMol7yyHy3t/szTSH6hmsdznqWD03XWYL/E
6w71ELgWc5yIZNF6rV3yYYN1GWXTPq8Pj1ViBeETa0mlIIci1mAN3hg4BDlVlpX6
osL4j4a2+PKmZQnFL9011RXf7VnenHN92SGS7etfMET/JoBQpapBmjp/Wsh035he
6Yzm6hzQOg6X1RtgIpxSNqyoXEbROlHMRBCgl/0FRqtEcqJvu4FEAimQFmckjtiB
k9lvRCwnKLNxXiB/PXM97UM2soxJUlBPgw0B0dondiRnsakgBk1jtWvU90DmVyGR
QSArigk52QF+VMh01v6BhxBV/r4u9FK9Pc3awJQK07KiqN9fbA1QY0crQuO/hbuu
b77PlkuSWfGXUJRmhIiMTcFJ7lxSHMhiLY1Fob7phN+5DYGLmtefjTNNSCB251oi
b9rvUrdVSeIbd7T/Y3FMjnQq5tyRyspYX4PlE5EQuGhpRcwL6EqwHSjvkAFo4qXI
H7mEw5AKl6aitVClhLx8b1W8kNFhU7BitEODLqCLu6S5ysofFkOufRM2cFVMNHqo
zCc+nquI7GlcsWOC3Gxxzfs9yRC4BKsjWxDJJfV5IcCjT336TKjUDii+DgFyE5Q3
ghE2VNz+5qp3azOxRyFo/pb860sSXfG+JeSIl9QwuIXArU18RqOMA43cQixuh/aF
1kmmvDwfnnrezNUp8hhaEtp6JaLVMrTksg0rRY+IcjCSiAP7R4NGY2JfmX3a3VAL
rbHJTAAY3GOTAZLNKvtm56Y/fz6Zoy5zEMYiFx6v7QR1HvTQCzA4hr1ugyojJwH6
ew6EMGSqjBMWc365ipJ/dTOVmC7GXQ4LzDiUnPWGvzUMkp4GMrnVZl7P+GUs/Yps
mXKqQxI7oieMLnofytWWfUeJ+HeC/JTGa+4hnOPJQAY+x2zj/q/9g2VKeToeOrqD
gowh8ZspISR0uGs6TxNlwFGAkjap2iVyaciq+KugryfF9vNGVBhxb2kpisr/u6Sh
VYXBw5RnDKY/QUc4AtSPquAUPGaE3OoYj59E8CsiUAfHi3JBH6CPKCDiVTfwGfnD
zg5mXa28QqamEdX+gCoLAjqOae06qQh6KK+MuSgQgiXswXD9mnNuJdPjpTF30HaT
pBHTAOz8XOM0ab8gYzOw1QGkNfIqAYD7R2CnHsokKrfzEVda37cEafCRz1qjGZYA
qXgCtj+qkH5b1H2U71rFYZinkG1Z5LPBtoxpH27J8PxMGV15TXIr/BeXv2lzdodg
3UjTfFfxAolYvN1/8RvrZrvo/kL3FB5/cSOEZ0Luh8p14EbBs4YQR3f6PRm+lFeJ
DAG95Lx5+u/zkhPG4SA1wp8Dtv3G0xtnBA/KNkcyjqbR3tNdz4QDafG45YOi1s/0
rNWg0PJVI5EdpJzl6KuD4oGjejjnUi6LXOV3geUV3KOCgJwm+xlVDBS2ZSq96iiP
Evs2m9KJ0/CsBILWGOKjPmJ1QXmzQce2U3OK3IlIB12vbW0g2GV3HSn487kXIgCB
uEe8/Whq0cY/UBEFEleH58oUtV7Ja8OUyZPLLzFzQcHfIwvEsTHWHy8phqkuBs9n
Qle5MOMvenqtzczPW8rnlNuRpfQkGngY89kN0wBjigN+oWRhLt4cx0xOWZKGxAXl
OMcc/23F9MXS6qBwB3FNfYaFPkaykNPMaLc04RTg2w6IElW9RwVDuopGcrJjiX94
en2u4AmaP0eGCOuSlb9c4IDLJ4mXRaPmyB93hTQIoq4ilcVNJJIUs2TZAs/iNN2B
GTmAkKD8/o0o7+F2B1rSiJ3R12DKCS/JWEGoTCIc8pZmuZrneMNWZW2ubcZpyhJt
40Zfxo2gwNny9UNcXhDqqx8cFoLSqjf1wB7pgVEEkSfeNoFBSUt/t9/l4diij76I
7z0pcjhLsia4/1EszvOw0G05crL05DjTJUQr3Q6t6iTWzrCaqJ1ooLp0beC9MVfS
Wd74u5PR2y71kYyQIsiMmeq5Px9+QMU3gKFGvjIe+6jS1NZYo30JNZXXmMgWA7Tb
jHSMzttGOFnQ/Dvx4aeHfwA0mKNj1Y0N2I57wL94gi5SPx9DU2kwqsnSLKsdSD40
h9/HEFOFjnghveSYu1kcSlN+/KCTbChTOqsBxlGd86ljPNXgZEZhAihGIUdHYa/5
2vSjo9Ze22rkMV+G0UOnOfPoJ0Y528UkpDESSLloN6zGv14hrmjkmnuYOK+D9yuA
emF73RDPg2sFrwm/cVlfMMDtRu5J3HAh93ppf+je7jA13wS2VB8eNylp1XL2EvPk
B371HacOFPyacJa3pl/M2KOb3QjOocqshVXT381S6m4MfGlnVxi7ZcaVjdWc4vgS
Dm8+eMuNfhYwsnEM/9RQbLUfVnTD9s6bf8Gq2bcnvMSARg9OBFt8Uhi9eUzmVNxh
lE+WfbrPLAWgzqm72erezuPScsx5+QJ5NXswEgb88rTzPQUUBP3BNWuCHAGVKRAF
Xmx1aAtwdCo9PzcdHaXFSjI7hNWgbngU6tQIHRMd5sRasBI0X6YCQmNzJCbJqPDn
UQ/ovCASUoyKOKHchcUKQykauPuWYP/Mws2va/V39N9bTTElRXRNlyjW9nwrofnL
pWzXFH5e2b8L4WIuD1dycqZzxEny5sLBwBgj9/U5edcpHY88CzLFN5+ncUbwb+bP
3BSR868V2/mva7Zn+rghVelnsmT8DREgr9joryR2J2+dfUCsduulOOapWRuvwwny
jP6YxupBZQRJCRtqOt8MJywdCM8mKDA73SwS/hO3TLecz+R+gdD2MhZ6zBJWumo8
kkdcu1b3BlS9z5wMRrugwN5uKovl3H9UDjN+EvUo28VsJlUxGYAYNZQb5aSpZcLN
e8pSgwbXZTqxfZf8TjIN1huVsLqIHcEqcRcnT6dl5fqo6CsqZANx33HQSouhoaqT
05IuF289rh62Y2w2JXz7pI18pmQPtydlDnK4CVXLybvGc+LnVaatDIXHxNVam1sv
iE2qrNwb09I8gPyvoIVYkViIUtEPu7A17fL+Wz32/cKmyYwWXhbyJ4YicerkY+D+
8CQZa5nnT9Zx0KY1vAhqlTUa105a1wl9UsNHc/pMP5DZCyXeMZTDxgWnmiQuCADf
vE2Sd9kuzTFKgueHTKDTPyNPkgrpDfEuEVzcvMVFbu8BcxidEzYVatAkHEnp31gQ
62lG4bN6WOX96VOcqgesJ95Hh2ILdqqANylL/w6T8K+AbioYEjGVS094dNAgjlHd
0Xbkl0JBeCNc5/z4m6t+PFjJFvYc67FNpqdk0NBTpq/XHjBTeoaxs+JxGz9t7i9D
Pwn3wEi0wRfASPMNNaya495un+w+WLoY0KRgKSPAbtqb1Fe8YaQYqNDKGL8jGhx1
xs7szIYbR06ifVvnRrkwNqS1/mhkaJd6UnkhUQLmWldI38IqoIpiCWaoDNtpTW1+
FHUatMYI/W5vI/1ovI2p1ODivaKLu3w6lrSlxYb1GlKkdNqhraBUKqefcMiwEWCu
/u3lsJsl3QGv3WQpFYd0I43tdi3NbvpoSfdwwg1gkFUXPsw8ITynY9vtdBYZFi72
sQ4EUS3jBSOSthDsY11ao4XWfOO+lfYVuuK/r+Eox4HnTQXt8o300FiVLBwYMf0w
PqSPEjXAMZDCa9fjHkXpDPT2cqUmJNNTQn4R6YunxN5gMQ+A85p82iMbzZWqgBKv
GGE4KCeTKH7MeJB7svT3NAHYRTIs1DZfz6z8sZAzhuLBXRYyD9BfjX+tnOtiPkXk
BiBDcRk2ZAFNVstXK+7rtL1ifuD/kQxXWeHKUEkNZnmrrIYH6tktWvyK7a/DRNm2
LX+PJd0/X+Sdlbu0bIFYGJlij23rVN5MiiQF7NaRIFDb26R7dn/H2W5TAn4Vcg4K
L7BIohhZPV/7p+M/RQbIJ1C5dVuGlbCbwroYhuamMkQvFE0UILrADjF7k4qQwraq
/lTnIDZNoY86YGG5G1X98ox/sBvsTKvQE2Jd5ZOGgd8N8+Kb1fQAqsYzYsWJwTGR
LleQ8oIYcEda4d50iQo1ruhWlIemuqpX8riCZMytI7vzebNiz+MfP5hn9DDl4U2w
druy2vZkENy5VHP/MsGo+tghUHuLR12KPz3rRwUV6SX1vW7TwgwE1uT29wiDYs2F
4hqrlp/+W5EcahOTQTZ9L/bKLo2gdqV3tsmEqfyQ8fdAX9QwXnwB4ejKvlT26fcT
cZTlE35L5SOf3WBdygVIxivxVAa/fwOt93a3rdD4UiywZKD/d79+rTkG+uBwQ7Mi
Nsx7puvYo6JZfNugKBIJpOnXDsCe3CQMiW9CG4J90hXMecr0Fe0I8i4i+viuX0+E
2ES/YbXjzPH14V5uTS3Yfv+k7SBXI5YwPZlkblLFUJ8+k3IgqBc//eleXq4mstb2
U4lwnBg/jdxC16I9KO2y6xMgJ2YiKcS8+iHFHPBV+gEdAZQRiqGtWF7xuS2yzMuS
gYCQ3ySN9G3dvD59LOrRZmRHDrRqcwekSqbd+yHLbHcF6qGN2L6S/1x3oezqUY9z
2XD85oWY15M6mAWtrtUtmDbrkyHO6tymxaL/IMS2nd2f/YaZrsvbLQ+JPQaR04YF
36PBmdBW7wEvjgZlfCra4f9QtkVhg5bl44DfArCeuL7eAEJ1INENwvTYq42CB2/0
VbiwMXWwOpbDDLHByDb7M1O78cM6P8mZrT7JjaGeQmY1h2GkjKRC6BS+wM7Po9sf
zYd1TsFymym2og9L7RI02UMMsJqEm6bF5SMR43DD2vYFWcHXwbkAh/fZew0ly9p5
BkWs4M+pYwN+5gmPBjwujtguEx9f+O5KAQclC34ZwBMCuwi/9w9ylDcRbFPIAntG
4AuETSz2iXGf1uMczNWupgP8odDsizgR+hqI4mv/q12p0BxHjh9DRvlygcmyHZM4
DacmXNWdWw2T0sjv9bOzY4daZM+QZ7uXwSa6GsmSP9XYUSShaS0hSs/ln0nNn8r1
nhGWdg3z9QSpIKLtwSugdoWhY2oDFIDV0+D6mLk1RsgUBhDDRSiwcCCF5zuWbUg+
eV+6i4xgH5F3TFwdWM+DZMvIeZFeVhKaXd806P2RYS0nJZkHVUVn3RbB316y7SUB
1JNCyYwfiFo6AMsRkDISl5f4yEajCKa41xqKTE4imy3RYfZ8c97uReNxdunLbk5q
E5KizKPBClzVJUa0lJPEt1fZUk6fvthwFBepV6KHf0RFCAR4VuxXoRBZrfMWY2JV
RS5JCSNcDzkPyp34PDveRlTlvbRdmlGeUVcdyePgUqM8TTPG9s96S1Ny71kQpv5Z
7SwGV4zFr20d38Sj+PzerfhIGGWhmNCZK38QRbY2W7ifxIwhWkO0lM8+1YE9sk/h
rqM9pdaInugC4odGrenL3X+NJgnzraOda5NW3tLou+paVkqdJKIleojeUr3/0H+1
d7QD62QnMAdz8qRN06WFPZSK9mEPeAnu0wRHGhXgtzbIvDrXIlsUXByc96a291ex
hlic1bMHlaGphht0F/akjvXQ0V1MP74i4uoYhKpO37IKm+CA8smVve2/Bce/XGP9
31sA7M04h+DrwGBunDJ+xfh/f7m9bQUrwSlS8Rz9ip47UhfxhJ+HFSU5qd4LeusM
8nl/iMhinuq4Aj4m7pU7wIR292wz4/htOXF+3h56VDIcF0CCD67CysaR6c+Fs5OO
BALMBmuN2VkvhLx3zP0jYiZmdlbDH7SraR8zhGKCoiZHIrUOjHTlo8gzZieHxNp2
CiTdBbFUvFue0/knTkDREWhiRPpMXGMpAawQSyM+P7zjddEYzSkNK1M40vBOw4f0
0zRWII9EsbeihyEWcF74tuXe8UnRu7azXgJ72WbFwk2wLD6BltyjTlsGwWc8Av4F
vku2VjGtHwn9Vn4g4qJe6lIxpKOguQG/qgcsuMzLqvMnJuy8Z4oKph9n8jqaaeFQ
YaZVn+0egc1hbHN7okEt0PifU5+0Jk3jbravvZdtmsPUGW6W2CQwtgk7E3aWhunt
KYf7iB1ah41VFk+iG0yLmMQJezIQ+h83ZAlUQPTvUfqxFPa/iweiUJqQ0f2uXAk7
vqrIH8Bjrsg9Vj1VK5Emk9sMFtoy9inceA0T7pCVImuMZogh7Mz2lDTSIy1w39yM
7IJrFLcqgJ+A1jbE9noJ9IxxwYUAfPdA1XT6NZIVzvFlON4e54V/OFOfRP8YyvUV
x1O3GHzW4MzTjQxML4k/k/+NxvbskhWV9DUGzsrEHsFviFTu6M6hjPjLQuFB9LeX
I//fd389xKnktezaIWKuHLyXHKkxytr4Z+afmWSGAJsqSPGYenjMO7fEQ1JpgPUo
L8QcIUksIkJkRnK2e2oPHmi3pDhopOYPqztvFews+ti5HjhGFv1NLkoxYmj7U7pO
JwEO+zlie5biKLfHScfwHXVMs8bs4ZZv5tw4QcrbqDPDhIwPuBmSdFrbgGuyQ7X5
0inOWx/0G5moq8ijVQhI3l6++DwzGOFSTNDGBvO+eLuLAp+Frkx4Sr8WomaWAs3x
SIFh/noduDVzCc6h/uPPKl1sLAtJyIv0WKPY952RMyy2rmCu4JNDrJAahhX8Y18E
iYIjk10wXovd+LPRHEcCPm3/Htf6A4owoJRMEe/CsWG+D7V472dBxWGD9uuqq51F
IJMI7puYzq5xO6ihW4xLBKXgFwAFObhci3eXSShHBRtOJ2JB9CNYyT2z8nd9uqhC
HxQzlZ6koMOTysmqijlMrIRVsgrdlCMxGA16waIXhb8Bfx4GTP1YckpYH1D1xJae
JRZhlOsPZcc8iIlKKVRK7zw48dFiDBK3Rv+wNaHVdj+YYq+wHvWmenszo/5RaJIE
ze0H39cAUVwa6F0JpYC36HEDeOD1GoZuq7INnjulRxkT+saY3SrEJUEZagRk8zZM
77ou9UDn+ba53tkrkkIgdUC8JJzmzqAnJUZLSyn9Kx3FLMLe0VX+pka4QP/mSbrP
brOCMXBA3xlBmz5aq+Uelio3ruHekLr62GW3IKSmnX9fvEx/i0dCpug9umy2F/Ck
FmojVBJTMEmJijytldM0+3ved/FeYUzJUDovWrimdwL1ePdjb57bmudM4TfV0zb5
LvUE2+RfwtPlQ546Gk6EHnDRP6/1cXmzQHhQru+DsKFnfioG5VbazOr4tSZgPsSp
Na5/3FX3tbXlxDApdlBjChRirmYNlzvOrQrlHtFqHdlXs33sFGFYOvk5DjSf5aO8
fxSjE9ThlvPKM+KzX8iSY12Ibgj6NU/FxfDaPBQ2LZubTsmB3rgUtpWR09DvTsXs
oQunjF5/C6pT4+pKRHux4tZeYS+tGLbpMMclrpors0jERItV0+jw4f3wJ7XakhQT
prj1WFVWQh9R1YeKoDGtlE7IVvg1TjnsLHIzmpEsjgWGw22S0MguK4ikQS2lSGIz
JjlS18zREeZlHzx+AqinyxYty/lpHY+gWE0zktNfpwnMaNukwTpaR0e8BV7ly44L
jMqLBFagtozxLl27BonBt7KLszgvHMGULgbLFMRDl/bU4CqotMe65h9ZL87+v5EI
gh5vif6WbUZrmGHfpD+VfEAKZGGdUbc5Z1BelzWqY8v+3y3xvM6KoNv7sraGj73J
SurwgRmI88wfPRwcjjjv0M7MpMZTeW+iMBXe11L1+nCilKXcs/SODV1U4bmPjdr0
a2J0JX8DGhO8clQKSWAVbRPIShkjJrPOvSxORYZCKd7+IFRsSmwZP/bvG10V35pK
VhV0KEop1DJa9yHqGF893ZtctkJffdVMTjNuLCewZ1QLEFL4i9xD/+VwH6rfaZKI
lI5acQIVuty7Qxa2qYlN+piLDDBgJrMnWxE5JRFqbcWDHcRODFCa+OVyGEUm39o0
NAjuqJqTcADrkB9EgiWMG4VDG5r5apRzLVw5DEMibYMOZPZs6UaY9OA4NhE2w0S5
ayVOv8OjpeEhB01fj5YevBCiwki6GcxuE2KXrQLkZSn0o+qKQznr0QgSNzR0qu1u
xdoU1eMBbSoZzyx9Q5o92haREsKLKSUWNCaAbKBmr4V11owxSEW4krl+0IVEKSUH
oQHcSYGixB7g9ldcdB75afl7iPUWXE32rYYqiMrXR7ZRfJbL1Xvh30KiZ/WtomTq
j+qKQwfuHefykJjP0dbii2j1cSEjx6ghqdK/E7dY3eTCtoEbu3hJ3t2oMJiv7GuP
yQJayxFiYw8D0vaSdMAwYFPouRuyq4NF6P3bnNbCBk/v6bwlP7Xh+r3gpLeogooG
S60xE+Ipzm+v49BbInI7RYI5/6WwpwUazpFNGHMLk2OQPTb8aSH0MbZkxk9Dh62G
VttPYWYV/L7YtNDBz5F40amlmynngxbEgyp2MmBXzEGvJOpPGql0k2BEo/A3UHqr
RtjFM+nwPLU151D17hMYi16ISgdXe8d6shKgFW+un92peJzcb8uiXVpyD64VvWC/
Z3asHrkm5I5h56H1LWfBUIBrFOLy/C3/PEbBJvGp70A18eX3LdgmXrrn3OE6KUKr
w1WqNwv0qqBFYdQbaG/JS+A+ZKcKbM7QHMmA5WQmTrXBiUgvk7Q10yNRO6xNkznY
AUDhymtRl/esh43uZ+dgXKKFTzpN07bGnt/TYILA/Z2X4d50ihw1jmAwp5Ac2rBN
yHDvV415JvvjpzU2Z0SJNsEHZ1hhKlV9KZvf3c4HRP4oPbQ4kQFpIAS2bEU4Q8/q
HAIVmgAHDcTY1EEF9WmT7Zc0r2Jp6/D8I0A/6qjmaBPoWGIg+2vh9YVdpiPW86uK
th0DyfrbpPD6dMKARKfyNr3gkH7q35O+LhG0ITWNm6W6FHwAFViwxkOxLO+6ZRdO
76Hdb/Kg0bVfyb/X2AoEEYpwVO4CzQbHnqBHumssAnUJDrxi970/ROCITewV786z
5ZgAh2LhlDCZH90J/SkpjPkDMtdUxKdNnUhjQuWS7RCSHk9OxfM5NaaT9I57BxhN
vL1y0B1H2cGjnQewOnbRTEvsgeWOXjHPniHwVjF0HAd8mHPJJ5O3IKPpAULx/e+b
6nN1WVXpGVO9nRK/qYCyGWKxRKCkY7ZoAmXHVlw/bcnS0VrrRYIMG/g+9hsmI0Fa
cCUamUILN4jclAu+a/c6nqexxAwwCBeLhy4nwItalc/LI4jpbswU1mzM50LfJG/e
Ta0fe+1gMb+nUHxJ2WXF7TE8v8og6rwaK0WLfFZ5Xk1f2GOmgV90zETVxqwhnYd3
Q6e342vfQJHRrt7xwTUnMb0VSCMVl2zeuhIgP+s9EqyoNHzwH3WNRr1FKxovzUDi
SxcsmKBqcUfe8RYyPbWg15/L76QdyGpnEUt8OlfUyR9bXwkf6YUQ4bmWaUlU7uUX
JiuThJmFRCf9DjWq2fV/uJzxnRyWWwnsJIk91quIzQ7qbcFbwYOZ4LVaoVB/EjCw
Ij1RFeTJJ3Ipktg5txFy5TiVysdHRCtBRKs93jJY24AEnVcz7G4WCbsCesJrCDYG
8tMnEpnhIYuTfXhF3UChF6saH+DaB43A9MCAhMM6VJIsQfahMgrrb3ktH60bUQNE
2Ob7R5/tYfZIhCrKL/obUEs9bGBg1R849hNsD++NxjjmlN9FE9xhWp4ZXhE8nDlG
p59GqtQPNF7Kx6Re4Be4WwItbEKZqG72dEqkWjuFekNkgOlhs6AmvgeQufyBK7qL
+yEgK9tpoDIITpHHnWxfspwbHKYCsJrrwV45a+VvEpfRd88gOF9YcMSTeYPePbwo
Pm+DytsCQPXdlyow4oa2t2HdfqfhY0eEerJH7dflvVKSOjx+wPYBzl0SOdpjz7YV
N9kRVgDtSaIuAxWBnyEpy+s53O3APsKGfcd7IgSKZ8cBP0Lm73cM3XjowAS69Tl4
j6l13g4ff4jLU8Nw2JM9Juzf5/ZRtrmqfxBmXdhOBQGGLIjcX+M8NksGsEprJtba
L/14sJzSZji4PWQvGZAwIQ4BNS90VloCh79ESqE6X9h0CSdZnAmK89VV2rMMxdlo
Q7RKkO/6+7h0p8MV4UsJqCBjJDGzf2HTW6MYzxqzT1fqiOyEYurIfkzlh/jt43LL
02dCh3B1Hw8+cNcMl9QiSteq6Y83ZLLBJYtzLfJbYMDst74ibgPAskgIfJiX4jCl
j9mJeYxuM+5CCKfR+nBOcEgfv/OXwGqt2kXTZAGploV8WhqjzVI/fm2iIq4y3e94
XPNmCH2sYZaRKxvQWWVdeVl7c3KYqFH1STl2Z7gPRSoGnf3YKpKNcnYmVIBru4cl
QmD01AzbF8tyQwMQCN+M3cER36lJmttq67v/90kOQJDHPOJFCI1qCbjKEkpgPVL7
KCDzxYdG4snXwGZea8JBFYsGqz/feg2xKvsBvH04/8urMYALVdeWBXJ/68HuJ6jl
xOV/jCu+Td5EOU5AKdHZcHVHdrZtwSXxkJdkhNjxaQusn+xNgF71BGNY+X1ZVSmP
u8PDPsIVbjtiUSq0cSxVzDSIOsIISggtFaEvIY+mfOeXOJ23mhoqrnXu6CHBHBE4
fJejEMkHdhos1551bB9THWvTSXWBbGY3aWncuj7rLh37LoKA34GM8FF9Pqq8ns5R
a9v+H8m6LQ5DEXmOrcRRYb1eMkrEWQWmYPeu3wS8mQR2yZTB+0CXz8dPXhG7W/d3
9+63IofgwVTsE+iVEOV8M6QFWtqxVxiZV+WRmIV7W8k8wloRDtdJ+d3dKKzKJep6
fBPteUeSjBCA+f9QY3djksg46lFMqIGDzWj6hHl2bBeGW7rSHg3rjR35z8Uyan7n
LvZchR1i99+D78WZn3UEKhpnDCsNGufHaqnHr+zX0uxTQqNCFvwm/H1yg39NvCiR
uZQ4qi3odIHPBmmZquxk2IHfIs8wC8IKoI7yUPWw+NpOfjyJ/vIhnvFegM5IcDER
fNBaPQu3B2EKRoNwGC8zwweCa9yi+vG0a7KDjeMMbFxw/Ak2oGyo33vH2NdmmecW
OIlxEkuFcvru5n9c7aEVF3iEj5YrG2afzqaXXiFPUaU+wLvbnbe/3l3yp70EGAHp
SEf/HZ9osJWha8rYZJ82cARSJy16CWQ0Uy4nFOfsUN+MYz2eVCVtVSoBccty/DCj
+7eJ6C0zPx/PBA7FXE9+MjFmjcLsZxzOSAZSZ7HOwOzzBwVjCugDILcVy/tZXuaT
nXolMekO6U6GSa0IpVsqBk2qOLZJCW+kN5v41djZREES+eEkKioXV8m7RwLetT3X
2oT15vx+rm1KCTKmNoLf6MC97BHeKVIMkCmdmXK5L6w6EMcOGytnXuQpXZ3XwSZC
sA+bUb2CLpuauUKlZQx95FLTUcyFaM8QWZTuu83MFl+p7afziG1kgEjadgzMJYy3
kfQVD0RbnDyBw1CFeY1uZIi5RrywsN6+ZvqlF9RyPIDuXojncqei0cjcdsiioQrw
l11gZ3XAVZKq+CyCxi82GTO9l2Q3gRXxLdPQGe3ggA/5LAE6R4OB79ohRl/nU9Fs
PQSRd3kuuRSXhZv1mKD3/pSwfHzJWNzt7GwHrYnAukN6b/x/RacYSX8jK6g5iaeh
KuGcbF3ol4XwB90xrbv/pOZwFs4YgxeUj8htYejonYE1N1j2JNCnwocRd0YkL4ft
vTAlxjKh5Evjhc9qYlJtUMJNdJPcbeEnf03/6ptGL3/Xj+wYr/GNnSR0mfz6rcBL
y+cBHSYjybOuv5XZyPLoR+rJiJ5ti8gmktQfCK9nwt5xrB0hRArKhmYpMe+JZV9/
JX8uShB0c8ptJrM9nWE64bSgGLJwGimMKW/8VjQPXvcZhbCJjWRluFM5+TGGq2vz
Gl/VeHwVBNu/54xILfZB98IA8AaiFaDfxCJyOldMV9PCOiX5hkJwnKpzn7JrxhyU
S8ZzFTW3Pvqi1bAgrYT1/8c/3E6aMwcngDl/zDdgV9kCPCqrAAb7kq1gUjD4wwtp
HotKlrnxiFMQgUupEmFjgA/ucCIwbETIRMFyHISyiJZiC1h3cUT+bxUhCNS7nHa7
jrGQRrGVpVZt5ac1uvQ3oBcGEqCozK1w2yGZEhohXSJWMS23s9GvYbiq4cUY6rvy
8HP86EAt50zsGE8zaNs4EqmogMLkZPVYBBVKVoLp5nHJp33hNIuxpMBGnRsM35zA
C9t4mj+5KGodvXSFpm2JmQbHrnI42YdsMMrSfFCi4mjks9TEwkJz0Ng3k+0rHpAS
sS+iCHLtSqAHoY8DrlBb+qCjqD4JyEC87a5EgVRQPPtDyK7J7/jrnmB7qKsjPVOK
2I+12Ykiri3cD1vZ8f4UR6WgfIX/XYW92/MPaIOaJufpk3OBq6lutiRWWp3upPAq
/S1DFPj+ADdN2QIovnpbEFPyOddDp+7HH8THZnk/5rkMpRx0FTBCLLtwoEU/jb7C
Jiq8mBcHjj31dqBYGvPBOZSCgLW1+cdp+y3vkZPBOCxuTQLyr5DG4ZV+q+IqPwul
1XKN2+O7XB+bnEYFw1t2+hqplATZAFqdAuXOweoB4M5zUcBOcfkmWdZQP/ba3lvb
3rq3kZCRnN12JPCboAg1SQOF804fBfm9qZnS00odGYkuReXQ4XHhJ2s6ohHgVnV/
OAhMQAZKyzRJMxSb4I+NRcHsf9DxFJCc716J5CAN+/8pP6tLODutAmyEtqvZYj1B
4Ys0kuonPviMQDsLf4kbsXnyWNVRR1x7D4ufBJPChKeMaQJanf44u/OYZc4cN5X6
4bpt5ugZLDiO+RN0O80izFY/1JkVdzksxSJNNAra5BYp7g08uAoA510slU+G8G7w
f80JiM1OjTOjCDzIyiz5hcNR5oWIYsjvi+UHFWVMokqRQw6vs8za52gHXhTsz3Jl
r9Q8cEZwpW0Ld+BgwjOJuBbq239ZQL2Dd9hoqcsh/+P35dKWK7JoT68sedjyF9fy
wsSamNtnggzNq6FK1s7JWMfq4B1a/Z7wqPY/CLZfbphlQjguU3wcC8dIUMXYTXm0
TC1NjKpMVf241gKVV6eQOf9w62yhTPwz5nBayy4KTTKGSqQoE4lAtjAMFMzuNF82
2mwfIUQNZK5VkU/jbCUUeN1rhPahuK7UDkmlT8XbBLBLmKZY6puhq7pNU1wuiDYf
TIu4VqnDs2O8KQ0AgZc/kaFfp23We9QvM/bVTs2TICsjlpWOQ9+rVPM0Ruzg9PuA
6IxUYhHpDXlGha7a+TxLdF9XvVeJqqDaVQ0JHPJ7BCzJZa3Ri99d6s1j2WEIfJhH
r9FRAlRpm0YO1bgu3jDI09OspyIxrkMC0aiptO1Wf38MkYXiqhbHPwVx7QnS9Fu4
yaOAi7o1tEk+0vGCXGEDFpUhL2OjhACrR5B879lZb044K5bFipBkt/duDgAODxH6
XN1q0tjrJxYSuKwkuSSdZDY6dtGw8Yv8hZb0bZcXYT20k45T/1gG6NHq7OwfCQ5q
upg/zt7amXHpW11kdsCbApEYRzHF+QJbuRV8ImIMI8+RyHY1c7Ro3gVaZ4hmAaNO
h5YuERkqbELVt1rb0/A1PVDIg/DH5KBKnw2/rirY4vo0gbhQKzwlux/ExRdG+KvG
o3F3UVs7HnzPMUWfyopiW37NEdsnSjx6IXkwPYwQ8hRH0h8PcfZFj99CA1yIwMDN
3gcfPHlKcrhvIDfEX2Q9y8/HUcKYGqU3KsqzGYHQi/GXxFmdg7XqrFAYDLBX2Ths
W8Y1E5dfmOQYq2mknTyg1B/D4mqQNwnTK9htYgeRVOQZrvWMUstNyrQK49D6M08k
2hx/5vDxaETJak5mv6ILnjXKI2exYmQ9sPt9lKGntypG2VopPSKehysSga0nKMBR
3NoSzbe2ap2GwfG436JEavtG71TbHmhbPkXB53uFwwyVHjFxXAvecYGPlS31AcM4
Qf5M42bUlkDRpWHTUGVipmvsxVrj9Q1OM1AL1bBZIF0FWCueNtWi0u4HjS9FndCa
mpQ2vhn3yMPRB2SbW1Bg7S1PY4sNOmWV+boBoGgx9VZcwrDrwBV33/2qZ+M4S0Nm
GNwfXJB2z6AeOcrsIYWCtcy+1YzCU8L7FvXxctYJgGOUQwthFi4atQs/7XIGl29n
GHl3FgB9/YwLMIkjNmUjDnd/R+wt+lJKcSGTWRyWLr4kafik5cub+2eEPiINGa2A
Ndl/w9xGX3aE1o46qvHM3/QM63xTA726XDBaaj3AJCb2KrvT+kZxs5PvMTamu71V
qTe87XLZPaCksr3c2Yk6rrgDwUeQklYED1FwNVmR7CFmuugew26durvpyZ8YZZOl
kZwkeSlP6hYFzc7XN7HlnTj72qiEfhXpf/bgZY5bhibahVtMHUm+bb0iLRfKQq+q
wdbxCDcbXRMa+oEWSvrNAKysXbA2PC5n6zBzBuU+tadYjroH6rZcxDV5f/wYps2u
RU6s4FOV94gOoIwyFLHH0kTGSJ8YXlYxZrA4gsl3+StwdmT1NuRuXMO4KPBHol2p
o02/iE9p+iiYq0Q+GXSCWkv0jgqoh9BQcUWwtC/q5a42Ae0RFp6oh042xnPONrM+
bZIHKqUNH8HWxFmn65fzdCJfVbWq/GEUkQcEGrkSTEYCtEyh4U43epyQlMcd08L6
nmzwAMpFHOd6SWyX+eIKw19Peiq7nujD3AniiRWdpjdppIwVH0uYSuG73IvISvok
x/usuFfDVt3zvG2Dscv937bZ/ihhOylLg2PNyfYX3gb9cQsvlR/2a/eBmmfFGxwp
7hGAmxb3yeeE+NFicmWcCPTrRATiHwNti7hJDVXjVPazthd8eknsEokdxipLVSPq
Hu1OhbMzHlBm7rDmtZvPWYJElEMYAm5Dar4AAzW3Sgdk2Im2FfJVlCGZGjcGe57w
PQk6G6XsTADjBshZ0vcOnmDthGIHEVsGqsXUIyTo4iSytJrgcBAC4P/jTHSEkjZT
iBVdzZbWyEnOsL+Hdv35ge9vK1hklB2I/zYsx69wNhR+lidYIkuNLpEXwNLA8HK+
hc8K9GNEED8rdQUKIlGOo3n/HBL/bQ/wnR3TuP3dJQkxI/JOXGXjnw4um9EtR4Sy
2E6XpuDIpe6Cc8vl25Lgze+8KfiOo5MAyFcy2dbxHQoE3r/ND6qnC6PS5UjXYjax
5tnHLlaYYu/3aFpJXqes/govkJb1CLaKyWSW9HlosnbioIFAPGIHQMWRcJcQqp1N
TAXCVACg4FAFr9U0mx/YxrdtM9n5DHRqIEWfEAtduMlN3BebXhFJCcM+eDbgvj7/
qD4bEUH/ujFPtmHiqkGZhJYa9cvkv8w4bdDlf+Lp6KAFo8ljjDuAbLK5CJEQhygq
SSoCuhqghCH3dIbbm8Brz2YCDk3QyJvpn/Ndl/4SSpODb1RL0nkRCexx4ArWr2We
sxRQPjAOv7uakyBhjVZlZZy1B7dgFOTwh/bhdTOiAciEex07gVVMKX8NS9tgjTIb
00okPw7wz//64HABufWqjP2oUbtkireD8sIXkdOa2hf7px0EcVVkdE4YZlDTIyxa
aIGCC7tUqyOAb6i6hgxG2P2F0juJb4vfoPk0M8TVnmkPmUuAF1pQzc9kVKwvb3Yn
ZgcB5j5OKNaShdJobsvhGghuhni5i19xo2Eg8FW0Pu+ueIT76w9LqOwVnw04jHqp
P5LysU39DBxS3cpYu7phZvoiqVRuwek7SpAzEELB4tWfTQATCDu5Pl9kMCly/LI4
XFx8vdn8Se9AaKbkMsS1etYAXWHNWnlnGBVOKgCp0w1HdDuV4NeRYCCMB1WUMnMv
hzafcyyH1b8yphKsk2TLxwzA/nG34MLMKu+74Mi3KuwXE57lxjuf1eWmv7CQ1VJm
isaq0eAgz2wkrreX1uNID6Q+vS+LFRgzB4cKbHEQ3UT+sGlpAdeoa71ahf9uB1U/
z1IPk4gHeL7PPNjb1H2+2djg9rUhFQrMo2BArAsDKuqLMg3DUUblBML/STlvy6wj
vhNDWtVhcsPYTsZdLcNFOv3FY6/1Ei+ingScdAHEWI9DQ+CftyVV70xrGZzY2yV0
qpHC38wtNhRAQizdjH0YVBOyGc+8Bk8jjRdjvxXPVFQEvkKLVuqTGJ7JmUdNUcm4
Y1u9rVtf0YqSz8VJLezQ0pc1Omkdau5Me1PuKwFd3GagaKBHL0rDLJUr4dRMiNbe
opGg/WHbFxUUtaMrMl9yztdK3PJzfvWxGydQpNY5U7bqhjSWX0oGbdxrJ1lZjpzr
xkdsMt8xRDizk/h0d/Q0KF4YbYc32xtXRPaHnsrl2fKMZrgQ4G65BfBYz4OQ8W99
mvbgJNS/eml1kzIJAZ+0taRDhi2a05RTOM3vxJ/hT1eN/MO1+nvTKlMchWi9phtp
6tFxAdfcMOiWCu+9UhTP4wUR/LIUJtvqBMIgwdv+UfmAOztrTvKFDyWzTtLiYDFt
6xhWsglSoq+PvUg+dtTXTR3pOtiSw1IbSWOo0JmkAwqHZaikw7DCA7cYLL8U1Hz8
5JaYu9UHC5G5D4uxUX7szYs1JWmqgBElWQ188w51KtkNbNsyIAadmkRbT8jXlmO8
CaJLGEkWzLkYYIcZArJLbLzd2PFTXKxnTvRr6Wjzdjluj/ZSJW53lFKyTOklGWIE
W1b/I9TUMlKbHf8X2XkmG14KQu9/Oa1FVlVytmnTP0PKqr9hstI7Dnwquc4Md8R3
l0LL8XORAECCQ9vCsX+gDmvibTu6k42wNuPRQEukXbHUxEZYAY5bbkF5XDiDWTwl
Su7zm9Ev2bl81ypxMQeDXyPtxHXtO/bopSTujDusCLRDzIeSLsPBU71Uf7OcPjo2
sfMgQ8NvDOLgEQSpi4vYp5MD1Gj6buxEgNBGJRLWeHUqfn2We9JeJjgEdbjEN48C
j8H+eyYZI2mWHlHcGRLKQuUCq7z2JxcUQxZ2+Fw8s+/pkFcUsKcDO3egztcB3+pa
2KUc0d739TEyNcquuoDQlyU8uFmDTYnVbigJpEucTo+hxU6eA9Kjc39iOtODgIP/
aHhFDo6JB+r0uLCvB8yGpz+dv/5SjA+iGXOThga5nTQSv734Re7ntYeFM2Ese9ey
k6XQvnUnrPdD75fWRW5xHZr9D/o0gmEVGgsl6X3zSfmo4t7EKOs3oEvYbfSVVgbZ
vMJahcxOV9fgVWyXJYd29+cwYCBL9yLDUjM2aSXZClmcUFuGuiTIieDZXDAlAKpk
n1mypQXPPwF4O8OSFcbJsDZFXAS/AG/zYSIgiXv/1mCYzk5/FouZaqZE4dxLFeel
M5CEJYG3noqnVIbi4MTrc/igvnUVpbbn1XQlJsKKnS4yFg9XcuYMMjGKayEIqaLj
bx1iZR8x3AmD9HdZQG3OWrwDtcOzo+gSfQdhMzU1r9emHHOaxhnsQN9WX2tSQKVQ
10r0uQ4IMb+aQDhU/JDREJ1Fqv/S/Q3X2D8f/fp9HDqJvzroJZO10goouNo1hlY9
FQV6fmof1255t3mLy+69yaFFOd++cRvNDP/2k5ovwbKsfDNgJgDaTK36gMzuxhxA
yX6JD9E5A7XXpNTDYkrB8um/DOUjsDlXbIX1QEuIrIwyOFOE7tdSF80I83U56Zz/
78B8OAckkBsooLRCTUqrDBOv9NPFd5i83suA7OMVAyo3BLQ0LKDHBL469KPCSnMx
or6BrCpmGkAsW903aPZIKjPd8U8RQg0nOjDHiuEDHsw0kUj9SO34k7U8EO2uVhUi
EEqnAFqKuIZEmsaKoYJz8C9av2wgpWsuW/mSBUm+vLKHpMC/wnVyfWEq54BuAIGt
/PcoABGRVgHLUGfcebG3xxYxIfLPf7Zl/gAMKj0VI+9gs6q016rtXD5Q6sXVqJ0w
rf25WMpwiF4rcHsyNe6QyvinkMBwl9UR0b1MzOnx+iz0lesqg7bgXsyPHJM44CzD
rirzA0nQKDPe3BH7FMWg155hity6xYgsyq4p/ZpNyPEzlv8x0v9z0qTlXer9hw1S
LC5R5mo0XJArx76C+F69axOiSAUcODyP5a+yJeEliQuoRjlTK5eq8gAwC+uj86Ol
lP13Qrv/ev8jpunFkfo5v/dbyX9k7DfHxwpo40b2bNpNWpgSpVloKFdHkBQjIFi7
UB9BjGgYFH2J16Dp6+XMj/XWhi6rykqzKcFsDnqAR2jMOllv6F1QKQxKWA2aib9o
3PHsR09/pNfo21CRKtD4s4THP3hWvHbXDc8UyWq5kFLAhZaoCOXBhGsDssixqUVn
fodukxnH+wWlD+eqFhXntOPXHUoBiYf99oIKoqQIYjN2fZabJOBpfuOFAYD44fUW
Kw0xtgZuN1EFpt9oSeRvl9QjjnH6UePq/LVKmpSFWF7XWt6X3XZerLkBrFpBzV4S
jpdstXdGAW6mDijbG5aJHUCLJ1AWz5VeTSBJulSUikwOSnSkl2nLP8a+epKPhg+y
fs5gCj4/XmpVP4F1R2KT8rPzmyInsYeHbA9aGh/kuAgVoCm+RrzLDzUO4nKzppqb
3O+GgoQd3NJ6baP+8ow12yiJGKRNvg9kI8OYCbUWhi8NYd9QKmsKPhQ0Q+h4hUBB
HVKloq3BKO7kV0nqoy4zr+pwdhX1Z0BoHe47tOKh2C/aUdLAszEfSa3EGixKyqbM
gn+4I4XldGNF307vNyr7g8ab82tVfdMFm9b4aT6DfM1b180HPxzH2/qPgjigS5NO
KejWs791c2tOs5WAI3GhbW+ycAFnhAsBCacW5oh0+y25Hcof50bpuNixOiIhNUuV
gh5FuCU7utv7/14ZKH1TrqHjR0xebfIfUNOnTdg4e0DIqZzRol5Y1/J6DWwdtr7T
ytGgQYsN+twEQp3KxJ5p8iXCrvn5L0jMkCDpB2p1ZKjoaH0RytDJnm+aJwMMUge+
dqz26ZySDS7B4oTquoEalfhdy0kM4lMbCh+5mErTdVNmfMXhknLxx0CqyatWoH/F
jYybJD+dV4EQCn3hUeD2jX/elJVxl75WQM06wPKu3p8xs5iCDizHjQoCALg49483
6eojquMEsiwUdzU78t9W2X52+X1vjac9rmBejjhzp+InsdAu3yhunF/fIu8XkYlZ
vcotTxZDBQFQ2ENxbBL1dJcnTV0DVi6yoeK56Jy83plBP/lyZ3kCZSnQ9Ulo5VJe
kZxsE9sLcomw6S0ojAZ4NdnrYAZgk3PxGxw+cKJGZx5mIS0xvKkEAr+HViyn8Cpp
7nP6B4c7ZgrCxsm7T7vGooccByQpywtd+wK0AETVs6CFtys2ASUKvmUz5UMOgfKK
p4xbYTz+8n3qtEhCemX0eR0Q/Qbo6FgjyQmJjRXncAEvscb/fYdj7DmCY4gK8ww+
vm9AFuSBxcXaFXrR8QfrNW3VFgsb1TbGdj0c5qnRsU3s4GkfwE56Ym7dtGWSj4rO
8QoFp4SNi6nAwjQSNerYHx4LQxQm+nSdTtYFuhQNzX6f/ZC+tnh/hjba4S4fN/6s
w8VYAW3JkJ2edgHpDR8NnINv2lZMmeT/zDk/FZCcw5muSx4DG9gCmo45edip8E/u
wLpZ1/e6G/mAaa4Ia5OHv8SbEk4i2C3BSasYGKyItNg8Bx7wZOoAkdB9ndn19FAp
rKIh+kbh++yq/5/WF4hFI2TDaj4vxglnWUr8aTVwckLoDf772NtSsKikqjPt4xQF
WKZwu8aZGVa1UHlYWAGU/Axatt1eCe8zw9Kd2CpAmYefj41PhvrainxVHotfe4qR
vHFxGdFtn1tHUS16rJUranKar8NP8bkVLzdJDHK7QxnQCPHubpJBCHII+FT4z+Js
U0oHJJs4a/ZOujzOjBoAekzyRK2qIo5ZpH5zUF4DY3/FQs5AMmsmuK9xlmDRO4+C
d8JgnX15thS98NRvuEp3qsHti2riXI0EDkQmxeGryhu37OY3TdMdnKhGhGavI+kO
95nO1arNmOvVeeFRuVf/GHieQG3yIGnX8UXwHCt/Q3XgMk47A0QOE25/6u/egAtE
29uA74dE5YQCdIe3s9TgUQ9TqJrsghiK5wfZ3m5CG9fZ246rXw4TAip0ygsx5mfl
OyWvfp6YcYu/yZKuw5YO8aET2pwjxdPn+4HUBvUR+x7Sg744/CCN4BOYfNpvRTYO
idi+/e0DrLXME+bUE2RjHSCLmqGduap5dW/Cw9E/Z6IrKnPFc+DlCRK+GvsFNFEl
iQ3eUlWjD+lC+eP9w+URjoP8xMYxZl9PJcHg12SY4F9EPkPjCq6/LM4oBiCICP9t
7xwdEKoMwfLcRTmchTU/toLhH6zu+Clwr/2xfAUAkgjjzpxz0hShiiEa1fTRJPJr
l4IwiBRmvss5Hv4wcOijq0GJRtJWNTCBLRwjPeNR6uZxrPsHKoqzIKE5MfOBnHjy
a+lba7eugQFNegtrNkNxnjikyFiPvbchU3UDGyWBVFlxiWKMFJUvQNM0KaL/aIv8
i+HnvOooCSO5nZAc8TjFDrUO6b3HXCAsLog+/PRvsFjsUmmcUEVO8c5LssgDWaYj
MxhlRXIg3vIb7xiqt9BgWrym5qKE4dLqEPkNRTqmaQBrQaEW1M9yfzTC8c6pAgLH
nDjOY2CP0MoOQMtxym0W+QCiVxpPIrGzKEGBnl0r9LBBRltmaeo/DIPJCvW2ObnN
g4F9Qjo9rNo8TiXnCwC/6E9G++sofXY/3s9V31GGc1vIHuTfVpNfBPKYfwVQ83gv
e8h9Mg7G67aFOJwxOelyocHQbtHhhQBBgP+6U1XfuXDZHzVflhhWHj/UkYgMWPFb
CXXRRrNrY+sMYgi1q+iDV+za91QcFMZR0FRAfxEJn790lqJHqIiYl3m+xdskce2x
08BYd27cW7+6scNjYYk0XrJnfH2W99AyPjddWP6To7e69JAznCAcIcRl/6k07r1C
mCNeweZI4oJ7smEvt8gZIVnlTGkAqFul1NMNM2Z3xSHB0GOKy2aLWkI8TMCXBiVh
ENqrtJqh7tusYPVJRzwKxs+8Emcwoqm4/TQF0CbFSjQ2TkaMmjIvLMSrzH1lzrtB
xtHAxH4hKg67fNb/mmdjXsCzfoSq7/AJZ3Rbu7XzjA5Nl28nIzWx2ejjF8B6tAsU
5kIwNucwz2s+1r77oKZ63/U/ezUsrE6e+Q5+GFt6++MvgtWBGhtwvs6Qs0XFCRKY
r5DPNe1MNRPFlRh/cQlUNE9x5KAW3OFkk9HZ7LPkJPzopLydVQ6ouog/d4qzeX75
ekG9IjdnUOVst6UvJ3PLF3DYY4tktcRqvgqxudDMt9wPmTt1OfCGuuH4jr0MzWme
Kd4BSLzM0t8J8ns05I+lbwYoAbu5O18TNkKstYehPlDUfvfbL3pUEV/6/UGo109J
Ju/pXDX8wkfltWkqo5IZWsFaCsZ3syEUHCXrPtYRyJ/3al1KChSdP0Blr1HW+SlQ
6xDuX3Ty+zFcZOQxw8m52jIP3obz3PlojaBIDLbBp92c0jfvysGSDwguA/i7TDUl
LRNhXWVJYqugyGKrgkV6re1vRBtKwHgTGSO/G0eUQKRllUXs29N3uAuXECQIroRn
ZKto8d81YDajqu8fLJnePHE2kqfPE5Ees8nKxr6NVi13E0lQev2MZeCpBcrQrne9
Q8dO6cJIywBWQ5S3eNn+hKx20/+cJz7wK621rWqd6wbXVPqYY0pY5cmAteDkC3sg
RW5KnZlWJ+BJLqAYI677z2F1W1N7lqBOT3MQxQga3sKcGTKkmFgn84wP0OMbIVZW
VgY1yCvFf8Gbrf2WQI1emNx7ZdseCW4qcSAbOCgZNDS2jVtIWBNHCMibdBSpmAv3
pTmmk/7/S1o2nuMQ7nvL2mh7kUuzWAJMV/qtW0MvNm5LWGDp97vFEIJY4c2M9wab
ko9BCJC7IF7ZzPKAxuS69zj0AZeAvFdVt6V4rh1KfFszmin/LLE6Cys1/memvesT
S7ksJIs1mG9B6nWkChSrkVmbNhdR8Xeuben5mi3Sny82h8aiOf2zoQBL7TUt9E28
gQGBf9tESQkn6Y59Fj8C9vSR7jzDCbi8omabL7kMLv2rs7VR2+gtqnpC9DaqUGQB
EQOdsh0MMGgIE23kXSQKvxfylS+da7sA2dagDVVZ90oFU5RLPJ4weAP5UcPoTDbS
AT0x3/oSdOErb07OGRg/QhtQH23SAM17yiPYXEK7gIFTwI33eU6DpDiiK33Q0/ra
4gSevfU4lKY3FfQy8xEYKgvOHdpPEvyxMhv5dxAHHfNVip06KghBsMpszP55W97v
tW6I1J5REqS8UF2Hi9SvbTfZXhjSGa7juN1AuNfdhG0jAxLx+KmtXbbNDOsVYe4q
JMeHdcHZs07OKRa+do+iKxwHeeEsCOGP668zvL8Hxa6yDhb4meSxEP8lUa+p/6KN
b6t6wS6H0AvqjujkPEThJ/ZQpqYnjvEf7TkH5O+xov1nnZ8CtgVkigt+OlEyERxH
OlICb5sGdhvRZssxi+iMhAviemaNoTe3I33DdUk7LAH6JFBXSoQ7HzMJ4cAMelqQ
0LKcQ6RDH1RyJedSSMakY8E0JN3OGxGpri25Epz2pmPWg7sZx8hgtC1/uJA/cEQN
qd41vNb8ABNk6WBc/gWOk8hVzfvAEP6dGc3YXjUzQS8ABirvmDRVuf1ZGC+CxkIh
EmttrIyI7S7Spi/3qEPhkV3B9Vx9OaU9Rvn7cumR0eqTEb+eeHGuRxrnzpYCZ/Tz
XCP1VQOKanI1xAs/QUiCUTHE4wMyXR+6cc7qAhZ237xO18dPU2RKmvtBfdIL5Sae
MZcb+03OM/47hwMPDlAj50SdoCQl1JUMiYojUKn3PM1fc3HMK+vwVLgZctoN/4fd
tncYCqPzZz/Z7/Gv28XiuVU/qqbtjKc8T8AqS4hL40Klr/GzP3l+SEhH8KXn5VO7
OKmt/JeM19DCJ78hDoXNTIDtAGzgVZX5lge6Y/ApEuG6H0hGK0gXEqGtE1PElnDw
mJK/pSM4gGc1JrVfoNWSupmM2zEte8JVglYx6gGBkr94O/anuW++iGzjT3ga79py
nYNieooiWK8pW3O+m06ZaViOtTHib1Xzl/wqvm5BNXLlcrQK25AZ5yA5I2TXVkK1
iqqCDQR13GH24dIvHFgYkBt0rmrnKK9AZCkNr0oXn0KTlOyUX++8YsIRM+vVmdHz
LK8WXZPhoqQyX/gb0dWN3i0XhsD2oQp+7HWV5kKMSV+qfR1Tj25qOviB4Ul0xTh/
UST77Ati6OvGhL2y1u3LD6W4L3awNUjQu9aIMrg+v/yVqbB3a2+bvpkOJaHbTt90
3xCsPT/pBOVL2IwrkJDbSvM1GAc0qgA+lL+W6qSGhCvvvUVrWNhh4esU7O+dfBWg
ZegIn8Iuxj/slpr3SdpWnDXZY6ILb5qJIvMzlSEexsJNgw+6Mn4PTCDp4+icsMRi
/JNgbjkIAFxbMgVf20R6Gp8NYOcIR7fF5lC13l/hhVPJxucEJSVOZyCoRVlEX8lH
QlQGvxaJagGmyhPPAcArMTRISGeYvz/bhu00YAw8s/OCy41/0I5s8F3ZGn7DVCCO
inmAoJbejXKXhDEb3eloPKxWMAk2rPIXWXuq8r4Ho1MV4EEjxfNCrY0Spky6/pJ6
Qa/0XzKkZR/wMSkbet2cuobZGMU3pl2D0lN2eKPMd7UnBoIyUuF2YIt/9oQQN9U4
O7racnsTfYWG0P2HTI5wyiBNfb8zp0T6RiIqhmN1xLZAcQ3zPFjo/cTx772yqgMB
XXfxFl6pZh7GCp7tvRLf0IaPd697Pg4++7pLFg0Y7niavYN+o98J0fhuBx6Kk9Ar
GRZpoqPcflcg88KgOavFwI1IYHUXGcioBazA7O2jAJzGDN4vVB4hPbtUs5Za3Jcm
AguVpxexL+xxcPs2MrBOYFspigzagzT97CKZhPuIeZ4SuBqnYhrWEku/T4H0/WHS
0xjwF8hS0Z+C4CWCJphF2Sx01b80LUkqgSxLU2GbBNGLmu87fUbMKoCJctMT3MZ7
L1WKTKTOcpRQf8yFBH04SNe5QBwe9Q3lKe42PvjJ+hawzG0B64ll2Jl3XEkP5JmX
VMcWm9Tme1WCEgkoxk2kIC3zSWqE12kA7oDZNTN0g/XEcFN8+PeaDAXffXBQN1ft
xWMXraT7pmTQwup92ScvCwjSMj9sILdNSZzJYxU13/rpnXGEkxU/CPCKcKu5u+uM
bwDNT7UJQJ8FvJS9lucT1WhlkVxBswlcwZmUuiuREfxWVzS44F0kkADm28utSo88
1nmfmigCZTKBjss8KA7sk35PojY9QwxFVXEyP6J/kRubV853s5BLJf5b0SRktBlf
VktPaQ/h4i0+5Iq29QWWCJ68iSH/IxVNxswTchFtStycgausEWK6N1MIrGDVqfCv
oNWdzMmrkILEJbPVojdKPBoLZZ8I6CueAf/nZoriuuP0U5+mbuwi76SsGlJViVq9
4LPZG0R0dDc1fV4dgw+8ti2Ii2nvk2KrepFBqBlQaObfysYManhFd3eLFnga1Kk8
UQuzxFLJpJnjUBANVdsLfA79INq/gNXUDP4gvroiAEthd8Av4lAyrae16eTeGgX/
+YyOShxK7q+e4dNDyYatPs0W3UgnfTguELzDAaDbZDUN3ilCcebN3984o0zUF6Fk
IxArpj/nEnr3L0Sh+Vp3kf0G3cgQQq1NU9OhL/WMuI6oGuCHj9TwIaV1JlK+Fup7
/LlJ4HwLzWMn7Neal5h3wlBI+7gKp2wUl5UN88crIzU96tz/f+hBmn/5BZX1ICZI
OucGFLJE3zUC/Bbf40SKUvEEuI7/oyPzmez/IX7rAzJ1GEN2B10zFX8EdVrSfWJj
KW/mSadcWXfFug1hDOHMkiSM34lIROGBE0MLMoFlRSWldrTg2uyzEpyABfMFvEdz
CYC3rWeQ5DieuIq5BP3Kr1clcC8xKpczRvVEbt65DEtoYD5cR+F8q/0VOxab/oIf
13S3KkvsHTB1L+6gJ3Uy0IKkj/veXqLVC9BQypPGM1WOJF6MO2vKvZ1WHRoDi3n1
9Zdp9LOdGlA4r1pkZOp9bEgPegjdQUyTUvlNg29caTEUuNfQ+4P/FdTO8ii2u6d+
it1TYi1yqDnLk4KyNS9wIXmrbu8LymtkpqB3lJAjhIgQ/BxfbYvHubJc6gQyiFje
XS4vnCnDQSgHsDXymEXTgaWO7ITdc/6Zxtq/AdESjEDIDGBljqd40ibtws6lNwtq
TX7ZsKkfPO6uP1Uckns2PYL3jc/hCc5Efnq5Tj4jJNK8au6v3MTsKAuUybmEWR83
iS6U95UexK9kwM/RJw3/UZktArADuFL6o8aq66o+Rd0zN6Z6fOEBXhkEJZFvgbMs
0c995II2hiErflGyXBiZFwNaCqjxaja6zn4X3cphAgeQHvRZlBMlX1bXoUllXxww
RzfEqWr7/x8T8fuurNci30XEAAitp3adGtwoFCVXUc1TozsfB/T9gMYZFpueQWg0
Dymxb1YMqY6CGXDKDYvb4cbuM0dm+bAPnBLYGOnfY/Yo6AJigq/AnphhBBmMx0o4
QdSVA5TdaeKRIg0VIUW5AAesAuwubpXJfjxxnfCk+d4WR+W6mBrXjZ1EuEYQ8Cls
14Mf3h89WO04q34acN3xMOznK+zkHkQaf6xpICVsPiAWvKZJ3gFRe0Lswb0V3tYG
Wzbmx4mLQjUARS5E/t+f9By4j/Dgm0Z5CXbk/mKtg82V+y1M+JC8zpYpjTVq3OHB
FV9g4w2u4iuGuxkd0pXcxlbns0WVoZVvdslVRDYLAQFO+NtIERgVU3CubIXXs99j
ZYuLNOymTxIjhB/1Xh5HT6IWCWKna8cm+zXhEqpc2SYnbsGagdUQBPJXNT4IleYH
tAjlQDhwhLUfp00gyYNVONlgN04LTxXtaY93p4Nn2yA3U0fBTCdB36DToAog3sLc
OQQ9amIkGvOvhSalO8nmuyhJaMy03fypvWn070hm/KU4imHyRQtemTpFoowcxTJ9
Ilh5zUc5aYIZ/zLJMOkcamLGPTDZ864MK3KIfxr8vLuObhSwFH3PqbVaim8uP1wn
61kAj4KcRmo3ODDx9RoXm5JESV92mZSmEoH64vUvIiE+DC98AOuh/HGHE4HaxtZO
COtBTQjiY3djwZ0T/zJjtHnf6LgL/U+fDk6DDFC5Td1PoYXqdB59Z+IzeeZc7utn
wfSIqgtMuCEflSd2x9aeNYsA1GBZlb56altYV/tgd7hN6mUdO48Iuk83AkLb0C9f
Z0/wjBxJVSYXZeh2ATYhsBsL7UwIVmzwYfhOJn7SAp0h/h/AE9wubkejVT0s5FgL
OUrhNspSefWnkOd8PouyEHP6SNRLUxQ3i0k1EvoqOrQ+52g848XkBVFKlwNXA2ib
/OEdCO0EjMXTmIkrAMEedPOtZT3Bec36UuwT/dXBpb72iIJ2FU4Z+1KW2JaCIrAh
aqHF9byNmYMsdsqafpWeszvYfTNv17megtMn6+o97Y7QJlxdY+ipH40GLQ3SQKw0
yfBJUnDplm5CTYs5gSGxlHixMG7qes+r8LbfoH+aFVKjKm7gbn/uPhGqfKIz3Z8k
VnCJUYrmkVWgGWvUy0sp5J8Cy922AsFuOvHvmzIxI6ZiEoIWOu8i5WTz2jqM/snf
r5dXceDhSh65CjZBYATOkE5Ko1DhDuOGPd/OtdNpUCbrfmrf8TPcSO4uvIXDLV1C
GeM4oxYfnpeBLgbD7i7GFRlofCjAg/YHykx3sdSVFgbRQ8g4ItWAkvlgHulSDDl7
RgJzWHpFaneFrsJbtWzsyep7+BOs0WHca7xPfClKiZDBC6to68Bdjz0FKNZ8A/KO
uP7vrxQF49cTKwqTl07oPsE6/GQwMmBuJUXyhSQKUOpN++d2/c4WFISJq2Uiq7ND
1Hifs+4oDDb4PLvDnduWMMgvGcTpzQCepm164aezoevQG5bDDQqB355Ms4mm0MqR
7nkzHBQ2owDnm6bimClL60RkDWjd/y/EG8gwBsN9BjZ8opxvR5b2xjZVIf12RLUh
e/C2ofHMHjQPFXhdhmWHu/O6vPS7+KgfW1l1IjapZE4pmTMNLbAym3oK0XEeZ2cs
eX8AggPLJUPBz5+wCTMX7KTKEiNxEiZHTeRfSQGs1SPDO6bJOVYupKyvkGY0qkwq
L5ddz9Ni1shTnb4Z7aQgnjGEKS0wYtbee+2XA67YFIrwSezml9Ju/bN3n5s3R3iJ
1XUatJW62f/Grzyx+P/L6ysbRJZ12F+1wOnzfnPu6tTw6uiqKQTpJp0jRqwszZAz
j8udGDXeTX4jYJHWRsnuT2osIWX5q52VG+M9oxBUrSGJqnpfaZSvRxbUtX/84WzX
bcZJa9eAAJwSzfFDs9mAk03EACrutVUcsHk+wGxE1y3Rrt0nGniuD56D6XawSXSB
CW0EQFaAuE7zV2nb3D10wGLE9TH0I/DFg39E+2V6FmQOEFaVKVVPkUxN0n2EZzxM
DVy8vI/YDweNfw19bQCgNVQG4c3V5DWgEVjmiij/w5vRsNGy0wj0G25jAJ2OSBO3
pWy18o6IMDNpOU783LYUioiUP6DRwmDk7CEnvb4Y3S5M+hiVwBHcECx63dJE9q1Z
cqBRz5aClQTOyGrHk3asZBDLq8yGONZAuW9wHnI/GKac/18USsS+YbzaLnMxXBdb
/+S+isDEs5M+Kf0tRlgqI5A4PPxzVzvAhCF+ghT+3mbBdpHxfDmiy1xSlJwOa305
9ckYDc1+4IpYQhWUdbbhrbMhoT9ZZw3Y4AAIlFc5WbbYQGxJMsJXo6BoFqFcqfxU
8NOJP9sC1zKHzJzXb5kSakCrZicctwnAE/3jsMv9Qe694V2aQ8ucu0EsoeVeM1qs
EFuFEpsa3Yen6QHzOLjCb60Tl88S3ajCZlJ+Tu4kvAZ4IAB5RVWCi8kmQl3kLY4+
YKj6qJgYdq45h49gYxETnjPleFTU6v6ZQdcKlT0955xxPQArV5UFQIoGwLUefWzI
w9RTHNYF0qnAq5HWChUVLlBrWHO5gNSrDuBCV5Aq/TmOzsJ8YVzAnSx1FkRi7QrW
yJxsL7sug61Pc0AdADYFVEWLCwQLLGPXkoT2t3AUtyz8IifQqsjAEFVXCdqo1NtQ
8I1YuOFdBzcAxtOSdJlBF7yIeQgeSwPmf6r0ru+M+zOsN/LMt1/Z7lrFTUEusjSo
7qjVfN1FrM9BPZ8fYnRPvXA54O5xA36xU2e+nkyTcM6u8X4z7s5INfPlD9UhPwnI
R1eGU84lT1Mth7/b+ZCHPrFiXsi2dR+YD0PR+xn9am78zOicBSvMGT9bRLMYcjjQ
TdfZXQceAFyEdJKmi2L3y3+ur+np7ofiQgILNQhNat7np3gcnc9KBcHAVYUnYkuk
t8O+5lnSgeRBW2Nnnl/P5V5UO3W1XnHK9v8uOpMXaLWs3OUKcG44V0rn773SEa7l
XE9WGAKTVxsavIw8YEBbDgVgBbBH4Q85aE6JnpO2/98T0D5CMxbCqB02gwuZV/I3
0H+G88d+VaIjMrb7IWfnFLinBy5Vb7KhGqh/5n8rqlNhs/HmBDY0mwSgHhHl4eYa
xNzZ+sa+VpjSQPKxo7lodyGf+Hclov6zEeoP6iW3dbtvhifRf0Voov9g0DKuzNET
SgD5UGeSUiYSNzDncekzngd3k2kzwNjbk/9cENOhciBd+dMnw85ivQDL1/Fjw9HP
gZR8kuXYcg1ziu6X0FUrdJr9src5p6ym3B0IIq8J+WqY1VdYzzCDsRPDjIqk+RAZ
veOi0aFkEz24bS5hCIBzCT+2iMCeJLGoJzPr2zGTD9m1wnPyd3+7oRw/nvwcYj6j
8hXmPcBNkW5evrpuRTd244i6nAZMGBKicmx0oDEXESkwRiImj0xFVLUID1GxzTFd
vcmeWPuh/sqN133zyCl8KwuzdYkIh6uAOFkf0hPhcFZTIXsdESB63+eiqZ/peLik
AlTQ9Zyil8+qigFg1Ke2NJeX10xKkn8CHYdFl1bFEUTF41AcHOvLNMn1eRj4PASH
l7y778wNjVnXUjO6QEmTk3ArAaiK/x5iHepAxJLgdUqOcCHYMzGgEcL0uhZKZ3KO
wSYI+kiowBcq+yesW3mG2By2aQA4AVZlCjA9KNV7K9eKGVy1ReEMP3VaqoN7F8CZ
FF37glbetvuU568qliFMGEu0NNFlYyv9dMjoW/5kkkuk2F+4bgk0zqM+RBoFhK2u
mWvAhDBVzwbCMiOD49KPGvbydmc5j9V4QctNY/wrLvHoXDpWwvnwokO5qXYO6mBU
QoPRSFlAL0roGC0Ym7E6BeHI3lMbsmUFoHvuNPcWQE5EtPAcsuXCFpWodypKQYAu
A2yAobDqn7vqobUzYVGxRI2mjpKg1cBsFlCVgqnZPazcidgL4AdgTXhij2P5uJDJ
oYc4i/D16Wpw7II2CVIDcm524GLqNRn+q3whv8UNPMYr5VBYFoIfAbIzTgOVWom/
Tnr0N6dDA6L4xhEwBTmQojo/e41waR9nvNlNvn+fIdPhv7JymCUPdvavYZl4EWkr
B1SaAonZHsRczMedXxr49AdHjZaqRo0WGjfzRVuQEYFbOFOIHvX5gPLuhX/ox+OM
jblhayWjlpBh4l5cXaVw/9vDcJ1akTeShAoVTNdjF2pgHTfuLi4chCcMvpbY929N
OYCf3afZzU3ssrfRqeh0prTq30mG7APQtCLDZv27uVCWvm6W0wFb0cx5YgVUWx/i
jpJGIK5cjA+hENgDO++hzJ91aUNxnlvOB8ekjozE6qi8ISjn2MmEkbwK/CbAX5gQ
pHelWsomDcXEN+berMzcfPYVABzfauNE+g4mEd7BnNiaf4owMuMUrW8HZf+KzE3/
GYJb+ow2nuo+Jqr4CfUUMDYmNe2LVB1n5aYimshIHvSvnmnn2rS0wLnMsdj5wnyM
m5C9bQm5AG6LuUkR4LSZ7jpYsj1DDteWQ8iG6YbeKP+AOhm0cDPhOtC7ChmqdJwG
j7xuhT+DlWMP+JL46SKNhpzwaYUVQSEU5K7WNrX4/NqNuQr91ohCwP4WLFgy2lxe
qju8K+kkb+llUQZEPdnLxVyqGdT4PVmSWjywCcqeU3EAdysgwNOfMCwz83Bgb9eB
iadJqTpGsO1EvAATKyI6MCTEFFnox4SuK6l8+bVQ7G5YHS10Vm6e6DpELrUMBbma
mtENFNZNDdzIwuEL8CqLsp/qPzcRD65TPB01t0fuhpIgp/XXnyDuGDfQw1UiGZjX
uUbXF9lJmCqUyCST17AP39kHFInqPA/fwqO9nCZ8vFvMfwsYD36bPYBR4cSdXEvY
wRPI93+CH8g4pNOEU25Fun4mjqsYMjI8Ig0M7k1OLT48R+mIr6vrvooBXWQnBNIP
HkyyEVn+c8n/cU8JM+wLnA6qaVGI0/QZAneY/45An1FZm9rCrbV6CuvE8gkVw626
dqazeVAdLap2qjMmFKK8bNwsgAPsKsKpZujQ6ZHVmKL4wJLNlnjS+g2NXN4UcSqw
uuYLQ47W+FbrBfHFJsxqduEvj2GIKqchc3Oa0+YtQHVVga7cm03UTx26Y7NngTwM
HbMh2LlQRmw149zqAAWKc2Oqu8wuczs9MYJCVG0DsOH/i4Twhac8UHNfZ6l0VOyS
LNdu07p8x4tvLchNzdcSTItVqi58rq82WZzTi4vU4XdribdSN5DMmTq9dSKyQi+p
PLZN55WK8zXkgX69M5o2fhRzwUZo7HRHv3t7yW3b/FnV49GlIfalML6xoBod6Ak9
B9Na+H5jkJkLjC9X9qZh+StbpQ2CxD6p6laMAQKIY+asz5VXaLd+IT8VqPScdcgs
oY5kg7vljND9kjUq248xKmBzPCge+T6P9OR6hFxN1zrq7O95X1Ilkz2gcp3pdpb1
EYAtOfWtoyFTVsVLhjvgrMDphrHrE5Mw0tBCd1L6lFx4GQckawbgxqfTnpTdITW+
j1bR9/L8QblHUB1vDp6/vtocSjOHiPcsrM71/z17TecaPWZvs54IsIregUNnPUiR
fGl9w8LP3qA9xvu/0aKll9MusrClK5fy68C5lyEx5OirockyZBKjHfikEMWopNH0
KJL5fRfUXfoLWPu5xlg4GXMR7e9BXZxblSSi15jxHbTl3vQ8PT5jYDsX6/nVIDIn
yWpJmcze1e4pfxQWEOOsHzKM4iPiTkfFj6/cNJy1BbXBs6jmXN+gN2o=
=zdPc
-----END PGP MESSAGE-----
